111 MTH_DEF
1
0.00000000
1.28945800
1
0.00000000
-0.16327990
1
0.00000000
-0.01346737
1
0.00000000
-0.47192220
1
0.00000000
0.54678040
1
0.00000000
0.45703630
1
0.00000000
0.51907460
1
0.00000000
1.00000100
1
0.00000000
1.00000100
1
0.00000000
1.00000100
EYE_DEF
1
0.00000000
1.28945800
1
0.00000000
-0.16327990
1
0.00000000
-0.01346737
1
0.00000000
-0.47192220
1
0.00000000
0.54678040
1
0.00000000
0.45703630
1
0.00000000
0.51907460
1
0.00000000
1.00000100
1
0.00000000
1.00000100
1
0.00000000
1.00000100
EL_DEF
1
0.00000000
0.00000000
1
0.00000000
0.00000000
1
0.00000000
0.00000000
1
0.00000000
0.00000000
1
0.00000000
0.00000000
1
0.00000000
0.00000000
1
0.00000000
1.00000000
1
0.00000000
1.00000000
1
0.00000000
1.00000000
1
0.00000000
1.00000000
BLW_DEF
1
0.00000000
1.28945800
1
0.00000000
-0.16327990
1
0.00000000
-0.01346737
1
0.00000000
-0.47192220
1
0.00000000
0.54678040
1
0.00000000
0.45703630
1
0.00000000
0.51907460
1
0.00000000
1.00000100
1
0.00000000
1.00000100
1
0.00000000
1.00000100
Character1_Hips
23
0.00000000
0.10000000
0.23333330
0.26666670
0.30000000
0.33333330
0.36666670
0.40000000
0.43333330
0.50000000
0.56666670
0.60000000
0.70000000
0.80000000
1.06666700
1.16666700
1.26666700
1.43333300
1.53333300
1.60000000
1.63333300
2.00000000
2.03333300
-0.03815358
-0.02156870
-0.00157988
0.00226690
0.00540036
0.00745302
0.00839248
0.00840096
0.00786637
0.00611820
0.00531449
0.00519290
0.00465843
0.00450703
0.00490678
0.00528223
0.00583029
0.00833348
0.00637539
0.00184853
-0.00137761
-0.04194640
-0.04290531
23
0.00000000
0.10000000
0.23333330
0.26666670
0.30000000
0.33333330
0.36666670
0.40000000
0.43333330
0.50000000
0.56666670
0.60000000
0.70000000
0.80000000
1.06666700
1.16666700
1.26666700
1.43333300
1.53333300
1.60000000
1.63333300
2.00000000
2.03333300
0.86102630
0.83065510
0.77235140
0.76111920
0.75266900
0.74539430
0.73766490
0.73076250
0.72652390
0.73095020
0.76157120
0.78933850
0.87484350
0.86769790
0.85623150
0.78900270
0.73772710
0.74792900
0.76795480
0.77869400
0.78529910
0.86163180
0.86338670
23
0.00000000
0.10000000
0.23333330
0.26666670
0.30000000
0.33333330
0.36666670
0.40000000
0.43333330
0.50000000
0.56666670
0.60000000
0.70000000
0.80000000
1.06666700
1.16666700
1.26666700
1.43333300
1.53333300
1.60000000
1.63333300
2.00000000
2.03333300
0.05401526
0.04142923
0.02616065
0.02322025
0.02080136
0.01917849
0.01831306
0.01821281
0.01847621
0.01983965
0.02121601
0.02230621
0.02655526
0.02772366
0.02471679
0.02183891
0.01979603
0.01617458
0.01731202
0.02086671
0.02346663
0.05678901
0.05759302
5
0.00000000
0.46666670
1.20000000
1.63333300
2.03333400
-0.52220520
-0.48794870
-0.48951620
-0.48217670
-0.52540580
5
0.00000000
0.46666670
1.20000000
1.63333300
2.03333400
0.53868300
0.53600940
0.53586960
0.54681490
0.53847240
5
0.00000000
0.46666670
1.20000000
1.63333300
2.03333400
0.46025860
0.46316700
0.46341490
0.45203410
0.46015100
5
0.00000000
0.46666670
1.20000000
1.63333300
2.03333400
-0.47464140
-0.50997680
-0.50839380
-0.51396910
-0.47144170
2
0.00000000
2.03333400
0.99999940
0.99999940
2
0.00000000
2.03333400
0.99999930
0.99999930
2
0.00000000
2.03333400
0.99999960
0.99999960
Character1_LeftUpLeg
1
0.00000000
0.06031916
1
0.00000000
0.00207883
1
0.00000000
0.07298301
17
0.00000000
0.13333330
0.33333330
0.56666670
0.70000000
0.76666670
0.80000000
0.86666670
0.93333330
0.96666660
1.03333300
1.10000000
1.16666700
1.33333300
1.56666700
1.86666700
2.03333400
0.03456087
-0.09605025
-0.18865250
-0.16566510
0.00021718
0.08196870
0.07683420
0.07705363
0.06618460
0.02409770
0.05931336
-0.04930935
-0.13484390
-0.19347960
-0.13202500
-0.03588217
0.05962591
17
0.00000000
0.13333330
0.33333330
0.56666670
0.70000000
0.76666670
0.80000000
0.86666670
0.93333330
0.96666660
1.03333300
1.10000000
1.16666700
1.33333300
1.56666700
1.86666700
2.03333400
0.99337080
0.98908510
0.97450580
0.97887970
0.99390470
0.99121030
0.99159880
0.99159600
0.99238540
0.99380260
0.99272350
0.99240420
0.98376470
0.97348090
0.98412540
0.99291890
0.99198630
17
0.00000000
0.13333330
0.33333330
0.56666670
0.70000000
0.76666670
0.80000000
0.86666670
0.93333330
0.96666660
1.03333300
1.10000000
1.16666700
1.33333300
1.56666700
1.86666700
2.03333400
-0.10774870
-0.10611320
-0.11999440
-0.11801750
-0.10789500
-0.09952012
-0.09997736
-0.09977789
-0.09982552
-0.10579540
-0.10080860
-0.11033580
-0.11663040
-0.12066660
-0.11695400
-0.10990620
-0.11041630
17
0.00000000
0.13333330
0.33333330
0.56666670
0.70000000
0.76666670
0.80000000
0.86666670
0.93333330
0.96666660
1.03333300
1.10000000
1.16666700
1.33333300
1.56666700
1.86666700
2.03333400
0.02025554
0.03499886
0.01870750
0.02052660
0.02263151
0.02964929
0.02885939
0.02906151
0.02873414
0.02414477
0.02862905
0.02298964
0.02052973
0.01844295
0.01970766
0.02729913
0.01470141
2
0.00000000
2.03333400
1.00000000
1.00000000
2
0.00000000
2.03333400
1.00000000
1.00000000
2
0.00000000
2.03333400
1.00000000
1.00000000
Character1_LeftLeg
1
0.00000000
-0.35179780
1
0.00000000
-0.00801095
1
0.00000000
0.00514626
26
0.00000000
0.06666668
0.16666670
0.30000000
0.46666670
0.53333340
0.56666670
0.63333330
0.70000000
0.76666670
0.80000000
0.86666670
0.93333330
0.96666660
1.00000000
1.03333300
1.06666700
1.10000000
1.13333300
1.20000000
1.30000000
1.53333300
1.76666700
1.93333400
2.00000000
2.03333400
-0.14242620
-0.10575380
-0.02885705
0.01588727
0.01539786
0.01557993
0.01638397
0.02332300
0.03503379
0.04508249
0.04500944
0.04510942
0.04386352
0.03798201
0.03868943
0.03668253
0.02987250
0.02247152
0.01797037
0.01515603
0.01554682
0.01488951
-0.01811147
-0.10179890
-0.13179260
-0.14574730
26
0.00000000
0.06666668
0.16666670
0.30000000
0.46666670
0.53333340
0.56666670
0.63333330
0.70000000
0.76666670
0.80000000
0.86666670
0.93333330
0.96666660
1.00000000
1.03333300
1.06666700
1.10000000
1.13333300
1.20000000
1.30000000
1.53333300
1.76666700
1.93333400
2.00000000
2.03333400
0.00380667
0.01314658
0.04558320
0.05188768
0.05368336
0.05387164
0.04927336
0.03752678
0.02260050
0.01385185
0.01420186
0.01453699
0.01607090
0.01939950
0.01741201
0.01572745
0.02089993
0.02965677
0.03470943
0.04884115
0.05385806
0.04612057
0.05966043
0.01327322
0.00299897
-0.00027396
26
0.00000000
0.06666668
0.16666670
0.30000000
0.46666670
0.53333340
0.56666670
0.63333330
0.70000000
0.76666670
0.80000000
0.86666670
0.93333330
0.96666660
1.00000000
1.03333300
1.06666700
1.10000000
1.13333300
1.20000000
1.30000000
1.53333300
1.76666700
1.93333400
2.00000000
2.03333400
0.10853350
0.25401580
0.42383940
0.54525070
0.59826520
0.56686070
0.51789480
0.38597450
0.20502080
0.04499695
0.05431258
0.05368211
0.07608797
0.15854780
0.12039610
0.08980216
0.18418810
0.29950760
0.38220400
0.52458390
0.58311180
0.51073720
0.36720950
0.18102190
0.08884180
0.05696102
26
0.00000000
0.06666668
0.16666670
0.30000000
0.46666670
0.53333340
0.56666670
0.63333330
0.70000000
0.76666670
0.80000000
0.86666670
0.93333330
0.96666660
1.00000000
1.03333300
1.06666700
1.10000000
1.13333300
1.20000000
1.30000000
1.53333300
1.76666700
1.93333400
2.00000000
2.03333400
0.98382970
0.96131130
0.90412920
0.83651480
0.79934950
0.82190270
0.85386690
0.92145070
0.97786930
0.99787320
0.99740800
0.99743270
0.99600620
0.98642980
0.99181890
0.99515960
0.98221460
0.95336810
0.92325100
0.84982140
0.81045560
0.85836980
0.92804620
0.97810630
0.98728360
0.98768070
2
0.00000000
2.03333400
0.99999950
0.99999950
2
0.00000000
2.03333400
0.99999950
0.99999950
2
0.00000000
2.03333400
0.99999940
0.99999940
Character1_LeftFoot
1
0.00000000
-0.37866630
1
0.00000000
0.00382815
1
0.00000000
-0.00377702
20
0.00000000
0.13333330
0.30000000
0.50000000
0.60000000
0.66666670
0.76666670
0.80000000
0.90000000
0.93333330
0.96666660
1.03333300
1.06666700
1.10000000
1.13333300
1.16666700
1.23333300
1.53333300
1.86666700
2.03333400
-0.01320836
-0.00780067
-0.00098711
-0.00067569
-0.00144602
-0.00221009
-0.00520157
-0.00477815
-0.00502693
-0.00426236
-0.00368164
-0.00720389
-0.00513353
-0.00472145
-0.00374732
-0.00263687
-0.00081430
-0.00200674
-0.00674726
-0.01246510
20
0.00000000
0.13333330
0.30000000
0.50000000
0.60000000
0.66666670
0.76666670
0.80000000
0.90000000
0.93333330
0.96666660
1.03333300
1.06666700
1.10000000
1.13333300
1.16666700
1.23333300
1.53333300
1.86666700
2.03333400
0.05415008
0.03875466
0.01656752
0.01637487
0.01510348
0.01079574
0.01378963
0.01290101
0.01368369
0.01316421
0.01133197
0.01951715
0.02010884
0.01978677
0.02148180
0.02062123
0.01616112
0.02007699
0.03277567
0.05029447
20
0.00000000
0.13333330
0.30000000
0.50000000
0.60000000
0.66666670
0.76666670
0.80000000
0.90000000
0.93333330
0.96666660
1.03333300
1.06666700
1.10000000
1.13333300
1.16666700
1.23333300
1.53333300
1.86666700
2.03333400
-0.35448150
-0.47697370
-0.55944280
-0.58196850
-0.48685590
-0.31292330
-0.12727300
-0.13000400
-0.13836630
-0.15567290
-0.19580750
-0.13963410
-0.19460990
-0.31104300
-0.42988740
-0.51412190
-0.56656520
-0.54141420
-0.43066900
-0.33305480
20
0.00000000
0.13333330
0.30000000
0.50000000
0.60000000
0.66666670
0.76666670
0.80000000
0.90000000
0.93333330
0.96666660
1.03333300
1.06666700
1.10000000
1.13333300
1.16666700
1.23333300
1.53333300
1.86666700
2.03333400
0.93340030
0.87802810
0.82870280
0.81304620
0.87335060
0.94971450
0.99175820
0.99141800
0.99027380
0.98771180
0.98057000
0.98998460
0.98066120
0.95017810
0.90261910
0.85746510
0.82385800
0.84051390
0.90188940
0.94148270
2
0.00000000
2.03333400
0.99999990
0.99999990
2
0.00000000
2.03333400
0.99999960
0.99999960
2
0.00000000
2.03333400
1.00000000
1.00000000
Character1_LeftToeBase
1
0.00000000
-0.08429568
1
0.00000000
0.04771042
1
0.00000000
-0.00392169
2
0.00000000
2.03333400
-0.02381142
-0.02381142
2
0.00000000
2.03333400
0.01439191
0.01439191
2
0.00000000
2.03333400
-0.51871630
-0.51871630
2
0.00000000
2.03333400
0.85449360
0.85449360
2
0.00000000
2.03333400
1.00000000
1.00000000
2
0.00000000
2.03333400
0.99999980
0.99999980
2
0.00000000
2.03333400
1.00000000
1.00000000
Character1_RightUpLeg
1
0.00000000
0.06083579
1
0.00000000
0.00207879
1
0.00000000
-0.07255261
17
0.00000000
0.23333330
0.40000000
0.56666670
0.70000000
0.76666670
0.80000000
0.86666670
0.93333330
0.96666660
1.03333300
1.13333300
1.16666700
1.26666700
1.56666700
1.96666700
2.03333400
-0.01300604
-0.22846550
-0.28320020
-0.23840450
-0.03183594
0.05492143
0.05091372
0.05078196
0.03882186
-0.00402364
-0.00427778
-0.14094280
-0.20615330
-0.27170700
-0.20489050
-0.02363510
0.01852317
17
0.00000000
0.23333330
0.40000000
0.56666670
0.70000000
0.76666670
0.80000000
0.86666670
0.93333330
0.96666660
1.03333300
1.13333300
1.16666700
1.26666700
1.56666700
1.96666700
2.03333400
0.99632190
0.96545740
0.94808930
0.96130340
0.99082670
0.99037770
0.99059150
0.99063110
0.99121200
0.99148160
0.99156130
0.98070630
0.96878920
0.95223250
0.96919080
0.99589010
0.99608410
17
0.00000000
0.23333330
0.40000000
0.56666670
0.70000000
0.76666670
0.80000000
0.86666670
0.93333330
0.96666660
1.03333300
1.13333300
1.16666700
1.26666700
1.56666700
1.96666700
2.03333400
0.01593930
0.11499250
0.14051170
0.13242260
0.12615120
0.11891660
0.11923090
0.11891380
0.11876360
0.12433550
0.12282100
0.12961380
0.13190000
0.13392730
0.13119420
0.02487514
0.00458222
17
0.00000000
0.23333330
0.40000000
0.56666670
0.70000000
0.76666670
0.80000000
0.86666670
0.93333330
0.96666660
1.03333300
1.13333300
1.16666700
1.26666700
1.56666700
1.96666700
2.03333400
-0.08318403
-0.04972215
-0.03436288
-0.03903120
-0.03653584
-0.04465959
-0.04382038
-0.04393956
-0.04343924
-0.03858444
-0.04126688
-0.03937624
-0.03938074
-0.03862579
-0.03843487
-0.08381934
-0.08632746
2
0.00000000
2.03333400
1.00000000
1.00000000
2
0.00000000
2.03333400
1.00000000
1.00000000
2
0.00000000
2.03333400
1.00000000
1.00000000
Character1_RightLeg
1
0.00000000
-0.35136370
1
0.00000000
-0.00801128
1
0.00000000
-0.01823371
22
0.00000000
0.03333334
0.26666670
0.40000000
0.53333340
0.56666670
0.63333330
0.70000000
0.76666670
0.80000000
0.86666670
0.93333330
0.96666660
1.00000000
1.03333300
1.13333300
1.16666700
1.23333300
1.40000000
1.56666700
1.90000000
2.03333400
0.00765317
0.00938356
0.02158836
0.02597240
0.02338622
0.02582045
0.01891660
0.00732588
0.00303121
0.00209884
0.00239419
0.00391650
0.00554649
0.00961132
0.01672004
0.03636083
0.03238149
0.02358588
0.02733209
0.02761968
0.00694722
0.00533369
22
0.00000000
0.03333334
0.26666670
0.40000000
0.53333340
0.56666670
0.63333330
0.70000000
0.76666670
0.80000000
0.86666670
0.93333330
0.96666660
1.00000000
1.03333300
1.13333300
1.16666700
1.23333300
1.40000000
1.56666700
1.90000000
2.03333400
-0.00594253
-0.00622576
-0.02372971
-0.02333787
-0.02463376
-0.02194842
-0.01786476
-0.01465977
-0.01472631
-0.01479937
-0.01488306
-0.01465924
-0.01434481
-0.01341926
-0.01188210
-0.01220535
-0.01726363
-0.02422184
-0.02383351
-0.02247444
-0.00778397
-0.00501129
22
0.00000000
0.03333334
0.26666670
0.40000000
0.53333340
0.56666670
0.63333330
0.70000000
0.76666670
0.80000000
0.86666670
0.93333330
0.96666660
1.00000000
1.03333300
1.13333300
1.16666700
1.23333300
1.40000000
1.56666700
1.90000000
2.03333400
0.11191930
0.19138870
0.53865450
0.60118930
0.57876800
0.53031700
0.39615670
0.20570990
0.04592003
0.05466967
0.05431018
0.07497536
0.15596780
0.14790550
0.13920850
0.36152790
0.47271520
0.57106110
0.58008120
0.51053320
0.23117130
0.05151090
22
0.00000000
0.03333334
0.26666670
0.40000000
0.53333340
0.56666670
0.63333330
0.70000000
0.76666670
0.80000000
0.86666670
0.93333330
0.96666660
1.00000000
1.03333300
1.13333300
1.16666700
1.23333300
1.40000000
1.56666700
1.90000000
2.03333400
0.99300170
0.98144970
0.84191580
0.79834340
0.81478460
0.84712180
0.91781420
0.97847580
0.99883200
0.99839260
0.99841030
0.99707000
0.98764240
0.98886380
0.99005060
0.93157210
0.88045090
0.82021110
0.81375100
0.85912050
0.97285720
0.99864560
2
0.00000000
2.03333400
1.00000000
1.00000000
2
0.00000000
2.03333400
1.00000000
1.00000000
2
0.00000000
2.03333400
1.00000000
1.00000000
Character1_RightFoot
1
0.00000000
-0.37854540
1
0.00000000
0.00382444
1
0.00000000
-0.01031455
21
0.00000000
0.23333330
0.40000000
0.53333340
0.60000000
0.63333330
0.70000000
0.76666670
0.80000000
0.90000000
0.93333330
0.96666660
1.03333300
1.06666700
1.10000000
1.13333300
1.16666700
1.23333300
1.53333300
1.93333400
2.03333400
0.02167401
0.02244020
0.02445255
0.02341042
0.02016819
0.01710445
0.01098765
0.00793158
0.00766716
0.00804269
0.00802692
0.00987891
0.00981361
0.01141729
0.01490946
0.01884910
0.02155707
0.02364280
0.02230316
0.02258490
0.02159325
21
0.00000000
0.23333330
0.40000000
0.53333340
0.60000000
0.63333330
0.70000000
0.76666670
0.80000000
0.90000000
0.93333330
0.96666660
1.03333300
1.06666700
1.10000000
1.13333300
1.16666700
1.23333300
1.53333300
1.93333400
2.03333400
-0.07652616
-0.06008662
-0.06312992
-0.06147511
-0.05877646
-0.05708715
-0.05516335
-0.05367102
-0.05365060
-0.05339280
-0.05369599
-0.05476755
-0.05479240
-0.05564127
-0.05642644
-0.05717779
-0.05933894
-0.06110166
-0.05946996
-0.07608284
-0.07901866
21
0.00000000
0.23333330
0.40000000
0.53333340
0.60000000
0.63333330
0.70000000
0.76666670
0.80000000
0.90000000
0.93333330
0.96666660
1.03333300
1.06666700
1.10000000
1.13333300
1.16666700
1.23333300
1.53333300
1.93333400
2.03333400
-0.31707220
-0.48542730
-0.52252190
-0.51346140
-0.42661860
-0.33737270
-0.14382530
-0.03442209
-0.03556765
-0.04365248
-0.06241713
-0.10482720
-0.09748174
-0.15452890
-0.26831450
-0.39158450
-0.46172760
-0.50969590
-0.48538670
-0.35054920
-0.29125810
21
0.00000000
0.23333330
0.40000000
0.53333340
0.60000000
0.63333330
0.70000000
0.76666670
0.80000000
0.90000000
0.93333330
0.96666660
1.03333300
1.06666700
1.10000000
1.13333300
1.16666700
1.23333300
1.53333300
1.93333400
2.03333400
0.94506040
0.87192110
0.84993390
0.85558760
0.90229440
0.93948300
0.98800330
0.99793370
0.99789670
0.99758660
0.99657240
0.99293210
0.99367950
0.98635420
0.96156190
0.91817050
0.88477220
0.85785650
0.87198950
0.93317560
0.95313090
2
0.00000000
2.03333400
0.99999970
0.99999970
2
0.00000000
2.03333400
0.99999950
0.99999950
2
0.00000000
2.03333400
0.99999980
0.99999980
Character1_RightToeBase
1
0.00000000
-0.08439235
1
0.00000000
0.04766033
1
0.00000000
0.00202567
2
0.00000000
2.03333400
-0.00003086
-0.00003086
2
0.00000000
2.03333400
-0.00005088
-0.00005088
2
0.00000000
2.03333400
-0.51891710
-0.51891710
2
0.00000000
2.03333400
0.85482460
0.85482460
2
0.00000000
2.03333400
1.00000000
1.00000000
2
0.00000000
2.03333400
0.99999980
0.99999980
2
0.00000000
2.03333400
0.99999990
0.99999990
Character1_Spine
1
0.00000000
-0.02271334
1
0.00000000
0.00818150
1
0.00000000
-0.00008070
7
0.00000000
0.33333330
0.66666670
1.06666700
1.33333300
1.63333300
2.03333400
0.00101869
0.01440097
0.01362425
0.01360021
0.01416868
0.01218061
0.00037550
7
0.00000000
0.33333330
0.66666670
1.06666700
1.33333300
1.63333300
2.03333400
-0.00184737
-0.00284173
-0.00296232
-0.00317556
-0.00345420
-0.00293268
-0.00177323
7
0.00000000
0.33333330
0.66666670
1.06666700
1.33333300
1.63333300
2.03333400
-0.04572111
-0.08890433
-0.07243675
-0.05556766
-0.05900926
-0.09113649
-0.04294281
7
0.00000000
0.33333330
0.66666670
1.06666700
1.33333300
1.63333300
2.03333400
0.99889290
0.99593200
0.99727550
0.99835730
0.99815090
0.99575960
0.99907590
2
0.00000000
2.03333400
1.00000000
1.00000000
2
0.00000000
2.03333400
1.00000000
1.00000000
2
0.00000000
2.03333400
1.00000000
1.00000000
Character1_Spine1
1
0.00000000
-0.09134354
1
0.00000000
0.00175515
1
0.00000000
-0.00000001
10
0.00000000
0.30000000
0.53333340
0.63333330
0.73333330
0.96666660
1.16666700
1.40000000
1.73333300
2.03333400
-0.01242068
-0.01182857
-0.01183142
-0.01194222
-0.01238148
-0.01233683
-0.01183260
-0.01186181
-0.01184118
-0.01243779
10
0.00000000
0.30000000
0.53333340
0.63333330
0.73333330
0.96666660
1.16666700
1.40000000
1.73333300
2.03333400
-0.00111949
-0.00406551
-0.00416080
-0.00296355
-0.00184556
-0.00192964
-0.00374746
-0.00436877
-0.00292281
-0.00128588
10
0.00000000
0.30000000
0.53333340
0.63333330
0.73333330
0.96666660
1.16666700
1.40000000
1.73333300
2.03333400
0.05855183
-0.14660770
-0.15402530
-0.05905581
0.03639425
0.02895671
-0.12176300
-0.16999880
-0.05729360
0.08072618
10
0.00000000
0.30000000
0.53333340
0.63333330
0.73333330
0.96666660
1.16666700
1.40000000
1.73333300
2.03333400
0.99820650
0.98911570
0.98798730
0.99817880
0.99925910
0.99950270
0.99248160
0.98536320
0.99828290
0.99665790
2
0.00000000
2.03333400
1.00000000
1.00000000
2
0.00000000
2.03333400
1.00000000
1.00000000
2
0.00000000
2.03333400
1.00000000
1.00000000
Character1_Spine2
1
0.00000000
-0.08766678
1
0.00000000
-0.00030447
1
0.00000000
-0.00000002
11
0.00000000
0.13333330
0.50000000
0.60000000
0.66666670
0.80000000
1.06666700
1.23333300
1.60000000
1.90000000
2.03333400
-0.00894882
-0.00791462
-0.00507457
-0.00540183
-0.00559687
-0.00559402
-0.00556400
-0.00526677
-0.00562719
-0.00840919
-0.00870369
11
0.00000000
0.13333330
0.50000000
0.60000000
0.66666670
0.80000000
1.06666700
1.23333300
1.60000000
1.90000000
2.03333400
-0.01284238
-0.00704046
-0.00115095
-0.00204067
-0.00331202
-0.00428742
-0.00315764
-0.00180536
-0.00216802
-0.00995458
-0.01194243
11
0.00000000
0.13333330
0.50000000
0.60000000
0.66666670
0.80000000
1.06666700
1.23333300
1.60000000
1.90000000
2.03333400
0.09718262
0.00379771
-0.11415140
-0.02714687
0.10353880
0.19771470
0.08770659
-0.05402353
-0.07723114
0.08208086
0.12099320
11
0.00000000
0.13333330
0.50000000
0.60000000
0.66666670
0.80000000
1.06666700
1.23333300
1.60000000
1.90000000
2.03333400
0.99493860
0.99993670
0.99344970
0.99961480
0.99460420
0.98023430
0.99612580
0.99852410
0.99699500
0.99654050
0.99254330
2
0.00000000
2.03333400
0.99999970
0.99999970
2
0.00000000
2.03333400
0.99999970
0.99999970
2
0.00000000
2.03333400
1.00000000
1.00000000
Character1_LeftShoulder
1
0.00000000
-0.12236680
1
0.00000000
-0.00139498
1
0.00000000
0.04222679
9
0.00000000
0.03333334
0.40000000
0.60000000
0.70000000
0.86666670
1.16666700
1.40000000
2.03333400
0.11877540
0.11849480
0.11939320
0.11445760
0.10258750
0.09882770
0.10737820
0.11876860
0.11850150
9
0.00000000
0.03333334
0.40000000
0.60000000
0.70000000
0.86666670
1.16666700
1.40000000
2.03333400
0.71611390
0.71426520
0.72017870
0.68771220
0.61014760
0.58570080
0.64137380
0.71605770
0.71430900
9
0.00000000
0.03333334
0.40000000
0.60000000
0.70000000
0.86666670
1.16666700
1.40000000
2.03333400
-0.10321370
-0.10352820
-0.10249350
-0.10797710
-0.11931220
-0.12244490
-0.11501970
-0.10321740
-0.10352100
9
0.00000000
0.03333334
0.40000000
0.60000000
0.70000000
0.86666670
1.16666700
1.40000000
2.03333400
0.68006240
0.68195750
0.67570920
0.70872590
0.77650520
0.79510690
0.75091950
0.68007470
0.68191160
2
0.00000000
2.03333400
0.99999990
0.99999990
2
0.00000000
2.03333400
1.00000000
1.00000000
2
0.00000000
2.03333400
1.00000000
1.00000000
Character1_LeftArm
1
0.00000000
-0.05543689
1
0.00000000
-0.00000005
1
0.00000000
0.00000092
19
0.00000000
0.13333330
0.23333330
0.33333330
0.50000000
0.53333340
0.56666670
0.60000000
0.63333330
0.66666670
0.70000000
0.73333330
0.80000000
1.06666700
1.33333300
1.50000000
1.70000000
1.93333400
2.03333400
0.16595500
0.01501327
-0.09185161
-0.13541800
-0.11464520
-0.12090010
-0.14467670
-0.19120120
-0.25815000
-0.32315570
-0.36520940
-0.38553510
-0.39875880
-0.37523090
-0.30101630
-0.28583850
-0.18178920
0.07506277
0.17441860
19
0.00000000
0.13333330
0.23333330
0.33333330
0.50000000
0.53333340
0.56666670
0.60000000
0.63333330
0.66666670
0.70000000
0.73333330
0.80000000
1.06666700
1.33333300
1.50000000
1.70000000
1.93333400
2.03333400
0.55301090
0.47996150
0.40183970
0.34922580
0.40012990
0.37922590
0.31085710
0.18103690
0.00011429
-0.17109570
-0.28083380
-0.33374890
-0.36425420
-0.31404100
-0.30925740
-0.12905790
0.17486870
0.46807180
0.56067660
19
0.00000000
0.13333330
0.23333330
0.33333330
0.50000000
0.53333340
0.56666670
0.60000000
0.63333330
0.66666670
0.70000000
0.73333330
0.80000000
1.06666700
1.33333300
1.50000000
1.70000000
1.93333400
2.03333400
0.07817221
-0.08218425
-0.26712420
-0.37325800
-0.36811270
-0.35835740
-0.34493240
-0.33435540
-0.33141420
-0.35126850
-0.37913100
-0.39698190
-0.40862870
-0.39079860
-0.42590240
-0.29640090
-0.04872640
0.11415580
0.08527452
19
0.00000000
0.13333330
0.23333330
0.33333330
0.50000000
0.53333340
0.56666670
0.60000000
0.63333330
0.66666670
0.70000000
0.73333330
0.80000000
1.06666700
1.33333300
1.50000000
1.70000000
1.93333400
2.03333400
0.81272810
0.87330260
0.87105270
0.84875310
0.83141180
0.84448260
0.87376090
0.90491670
0.90748180
0.86192060
0.80250490
0.76313820
0.73575320
0.77965150
0.79520840
0.90210140
0.96643640
0.87306520
0.80495230
2
0.00000000
2.03333400
0.99999970
0.99999970
2
0.00000000
2.03333400
0.99999990
0.99999990
2
0.00000000
2.03333400
0.99999980
0.99999980
Character1_LeftForeArm
1
0.00000000
-0.23377720
1
0.00000000
0.00001719
1
0.00000000
0.00001175
22
0.00000000
0.10000000
0.16666670
0.30000000
0.43333340
0.50000000
0.53333340
0.56666670
0.60000000
0.63333330
0.66666670
0.70000000
0.73333330
0.76666670
0.96666660
1.10000000
1.20000000
1.36666700
1.50000000
1.73333300
1.96666700
2.03333400
-0.11557120
-0.12588120
-0.10328440
-0.00278590
0.05708255
0.04648049
0.02214389
-0.04325064
-0.14857290
-0.28918460
-0.40389360
-0.46850370
-0.49298690
-0.50111240
-0.49081880
-0.48315850
-0.45236970
-0.32599390
-0.29289680
-0.22935620
-0.12624140
-0.11396620
22
0.00000000
0.10000000
0.16666670
0.30000000
0.43333340
0.50000000
0.53333340
0.56666670
0.60000000
0.63333330
0.66666670
0.70000000
0.73333330
0.76666670
0.96666660
1.10000000
1.20000000
1.36666700
1.50000000
1.73333300
1.96666700
2.03333400
-0.00972930
-0.09519699
-0.18003650
-0.29348420
-0.29348800
-0.28842970
-0.29052100
-0.29901400
-0.28418160
-0.23168160
-0.13656440
-0.04933969
0.00200395
0.02645262
0.03023501
-0.06878696
-0.23272550
-0.41368510
-0.36406780
-0.16236210
-0.01553135
-0.00366943
22
0.00000000
0.10000000
0.16666670
0.30000000
0.43333340
0.50000000
0.53333340
0.56666670
0.60000000
0.63333330
0.66666670
0.70000000
0.73333330
0.76666670
0.96666660
1.10000000
1.20000000
1.36666700
1.50000000
1.73333300
1.96666700
2.03333400
-0.19560060
-0.40219060
-0.57917620
-0.78757990
-0.83526490
-0.82352660
-0.80380490
-0.75751350
-0.66748550
-0.52377560
-0.37644840
-0.27275870
-0.21912040
-0.19757970
-0.20209180
-0.27325890
-0.37431940
-0.48743000
-0.48553280
-0.36995070
-0.19745400
-0.17801490
22
0.00000000
0.10000000
0.16666670
0.30000000
0.43333340
0.50000000
0.53333340
0.56666670
0.60000000
0.63333330
0.66666670
0.70000000
0.73333330
0.76666670
0.96666660
1.10000000
1.20000000
1.36666700
1.50000000
1.73333300
1.96666700
2.03333400
0.97380140
0.90185040
0.78833630
0.54182760
0.46145310
0.48626320
0.51865690
0.57869970
0.67203420
0.76704310
0.82250020
0.83885190
0.84198940
0.84210980
0.84696020
0.82894860
0.77529700
0.69642270
0.73886670
0.88553420
0.97202560
0.97739910
2
0.00000000
2.03333400
1.00000000
1.00000000
2
0.00000000
2.03333400
0.99999990
0.99999990
2
0.00000000
2.03333400
1.00000000
1.00000000
Character1_LeftHand
1
0.00000000
-0.16248190
1
0.00000000
-0.00000064
1
0.00000000
0.00000025
18
0.00000000
0.26666670
0.30000000
0.36666670
0.50000000
0.56666670
0.60000000
0.66666670
0.70000000
0.76666670
1.00000000
1.06666700
1.13333300
1.33333300
1.36666700
1.46666700
2.00000000
2.03333400
-0.05044024
0.21636690
0.24737860
0.24739520
0.24739310
0.23662720
0.19678960
0.12766120
0.08611447
0.07488771
0.07490629
0.08176222
0.12839130
0.25357040
0.27745000
0.23929170
-0.05457592
-0.07638574
18
0.00000000
0.26666670
0.30000000
0.36666670
0.50000000
0.56666670
0.60000000
0.66666670
0.70000000
0.76666670
1.00000000
1.06666700
1.13333300
1.33333300
1.36666700
1.46666700
2.00000000
2.03333400
-0.15197790
-0.21909230
-0.22603280
-0.22602230
-0.22601820
-0.21691160
-0.18320460
-0.12430290
-0.08874446
-0.07920822
-0.07919163
-0.08389103
-0.11613150
-0.20184440
-0.21806080
-0.21412140
-0.14995350
-0.14458080
18
0.00000000
0.26666670
0.30000000
0.36666670
0.50000000
0.56666670
0.60000000
0.66666670
0.70000000
0.76666670
1.00000000
1.06666700
1.13333300
1.33333300
1.36666700
1.46666700
2.00000000
2.03333400
-0.06918375
-0.08525985
-0.08674930
-0.08677188
-0.08676703
-0.08062527
-0.05737253
-0.01782195
0.00554809
0.01206531
0.01209182
0.00858430
-0.01509905
-0.07961552
-0.09211954
-0.09255853
-0.06941827
-0.06743803
18
0.00000000
0.26666670
0.30000000
0.36666670
0.50000000
0.56666670
0.60000000
0.66666670
0.70000000
0.76666670
1.00000000
1.06666700
1.13333300
1.33333300
1.36666700
1.46666700
2.00000000
2.03333400
0.98466860
0.94758360
0.93818310
0.93817920
0.93818120
0.94364010
0.96146680
0.98383630
0.99230940
0.99396800
0.99396760
0.99307780
0.98478480
0.94266760
0.93112030
0.94250970
0.98474190
0.98423260
2
0.00000000
2.03333400
1.00000000
1.00000000
2
0.00000000
2.03333400
1.00000000
1.00000000
2
0.00000000
2.03333400
1.00000000
1.00000000
Character1_LeftHandThumb1
1
0.00000000
-0.02476070
1
0.00000000
0.01826633
1
0.00000000
0.01423601
3
0.00000000
1.63333300
2.03333400
0.81820210
0.81820260
0.81820250
3
0.00000000
1.63333300
2.03333400
-0.15433490
-0.15433610
-0.15433410
3
0.00000000
1.63333300
2.03333400
-0.28779530
-0.28779340
-0.28779500
3
0.00000000
1.63333300
2.03333400
0.47318060
0.47318070
0.47318050
2
0.00000000
2.03333400
0.99999960
0.99999960
2
0.00000000
2.03333400
0.99999990
0.99999990
2
0.00000000
2.03333400
1.00000000
1.00000000
Character1_LeftHandThumb2
1
0.00000000
-0.03214544
1
0.00000000
0.00198593
1
0.00000000
0.00152295
3
0.00000000
1.63333300
2.03333400
-0.00077448
-0.00077383
-0.00077473
3
0.00000000
1.63333300
2.03333400
0.16337270
0.16337410
0.16337220
3
0.00000000
1.63333300
2.03333400
-0.09087969
-0.09088080
-0.09088034
3
0.00000000
1.63333300
2.03333400
0.98236940
0.98236910
0.98236940
2
0.00000000
2.03333400
0.99999990
0.99999990
2
0.00000000
2.03333400
1.00000000
1.00000000
2
0.00000000
2.03333400
0.99999980
0.99999980
Character1_LeftHandThumb3
1
0.00000000
-0.01756597
1
0.00000000
-0.00100338
1
0.00000000
0.00008474
3
0.00000000
1.63333300
2.03333400
-0.01560858
-0.01560752
-0.01560854
3
0.00000000
1.63333300
2.03333400
0.21748960
0.21748980
0.21748900
3
0.00000000
1.63333300
2.03333400
-0.01221604
-0.01221514
-0.01221593
3
0.00000000
1.63333300
2.03333400
0.97586140
0.97586140
0.97586150
2
0.00000000
2.03333400
0.99999990
0.99999990
2
0.00000000
2.03333400
1.00000000
1.00000000
2
0.00000000
2.03333400
1.00000000
1.00000000
Character1_LeftHandThumb4
1
0.00000000
-0.02630421
1
0.00000000
-0.00114385
1
0.00000000
-0.00057086
2
0.00000000
2.03333400
-0.02557532
-0.02557532
2
0.00000000
2.03333400
-0.01064174
-0.01064174
2
0.00000000
2.03333400
0.02615063
0.02615063
2
0.00000000
2.03333400
0.99927410
0.99927410
2
0.00000000
2.03333400
1.00000100
1.00000100
2
0.00000000
2.03333400
1.00000000
1.00000000
2
0.00000000
2.03333400
1.00000000
1.00000000
Character1_LeftHandIndex1
1
0.00000000
-0.08074935
1
0.00000000
0.02571336
1
0.00000000
-0.00142829
3
0.00000000
1.63333300
2.03333400
0.13117370
0.13117350
0.13117470
3
0.00000000
1.63333300
2.03333400
0.01083206
0.01082991
0.01083185
3
0.00000000
1.63333300
2.03333400
0.11729350
0.11729430
0.11729370
3
0.00000000
1.63333300
2.03333400
0.98433660
0.98433650
0.98433640
2
0.00000000
2.03333400
0.99999920
0.99999920
2
0.00000000
2.03333400
0.99999990
0.99999990
2
0.00000000
2.03333400
0.99999970
0.99999970
Character1_LeftHandIndex2
1
0.00000000
-0.02426037
1
0.00000000
0.00250706
1
0.00000000
-0.00118660
3
0.00000000
1.63333300
2.03333400
0.00405758
0.00405752
0.00405728
3
0.00000000
1.63333300
2.03333400
0.14955440
0.14955560
0.14955370
3
0.00000000
1.63333300
2.03333400
-0.00280324
-0.00280218
-0.00280338
3
0.00000000
1.63333300
2.03333400
0.98874120
0.98874100
0.98874130
2
0.00000000
2.03333400
0.99999990
0.99999990
2
0.00000000
2.03333400
0.99999980
0.99999980
2
0.00000000
2.03333400
0.99999980
0.99999980
Character1_LeftHandIndex3
1
0.00000000
-0.01609668
1
0.00000000
0.00011821
1
0.00000000
-0.00045832
3
0.00000000
1.63333300
2.03333400
0.01170100
0.01170107
0.01170086
3
0.00000000
1.63333300
2.03333400
0.15083800
0.15083860
0.15083860
3
0.00000000
1.63333300
2.03333400
0.00943815
0.00943785
0.00943913
3
0.00000000
1.63333300
2.03333400
0.98844420
0.98844410
0.98844410
2
0.00000000
2.03333400
0.99999990
0.99999990
2
0.00000000
2.03333400
0.99999990
0.99999990
2
0.00000000
2.03333400
0.99999990
0.99999990
Character1_LeftHandIndex4
1
0.00000000
-0.02124970
1
0.00000000
0.00100698
1
0.00000000
0.00163699
2
0.00000000
2.03333400
-0.71534960
-0.71534960
2
0.00000000
2.03333400
-0.02409541
-0.02409541
2
0.00000000
2.03333400
0.02390490
0.02390490
2
0.00000000
2.03333400
0.69794190
0.69794190
2
0.00000000
2.03333400
1.00000000
1.00000000
2
0.00000000
2.03333400
0.99999950
0.99999950
2
0.00000000
2.03333400
0.99999950
0.99999950
Character1_LeftHandMiddle1
1
0.00000000
-0.08069598
1
0.00000000
0.00582164
1
0.00000000
-0.00602124
3
0.00000000
1.63333300
2.03333400
0.05648603
0.05648566
0.05648683
3
0.00000000
1.63333300
2.03333400
0.02714932
0.02714713
0.02714930
3
0.00000000
1.63333300
2.03333400
0.07564460
0.07564469
0.07564514
3
0.00000000
1.63333300
2.03333400
0.99516340
0.99516350
0.99516330
2
0.00000000
2.03333400
0.99999980
0.99999980
2
0.00000000
2.03333400
1.00000000
1.00000000
2
0.00000000
2.03333400
0.99999990
0.99999990
Character1_LeftHandMiddle2
1
0.00000000
-0.02506312
1
0.00000000
0.00148199
1
0.00000000
0.00379354
3
0.00000000
1.63333300
2.03333400
-0.02758205
-0.02758221
-0.02758190
3
0.00000000
1.63333300
2.03333400
0.26789310
0.26789500
0.26789370
3
0.00000000
1.63333300
2.03333400
0.01547839
0.01547878
0.01547807
3
0.00000000
1.63333300
2.03333400
0.96292940
0.96292880
0.96292920
2
0.00000000
2.03333400
0.99999960
0.99999960
2
0.00000000
2.03333400
0.99999970
0.99999970
2
0.00000000
2.03333400
0.99999960
0.99999960
Character1_LeftHandMiddle3
1
0.00000000
-0.01943113
1
0.00000000
-0.00006784
1
0.00000000
0.00016170
3
0.00000000
1.63333300
2.03333400
-0.01820157
-0.01820074
-0.01820133
3
0.00000000
1.63333300
2.03333400
0.22837980
0.22838020
0.22837910
3
0.00000000
1.63333300
2.03333400
0.07609113
0.07609084
0.07609098
3
0.00000000
1.63333300
2.03333400
0.97042340
0.97042330
0.97042360
2
0.00000000
2.03333400
0.99999960
0.99999960
2
0.00000000
2.03333400
0.99999980
0.99999980
2
0.00000000
2.03333400
0.99999980
0.99999980
Character1_LeftHandMiddle4
1
0.00000000
-0.02201366
1
0.00000000
0.00091102
1
0.00000000
0.00011726
2
0.00000000
2.03333400
-0.70595040
-0.70595040
2
0.00000000
2.03333400
0.03399268
0.03399268
2
0.00000000
2.03333400
0.00647478
0.00647478
2
0.00000000
2.03333400
0.70741550
0.70741550
2
0.00000000
2.03333400
1.00000000
1.00000000
2
0.00000000
2.03333400
0.99999970
0.99999970
2
0.00000000
2.03333400
0.99999960
0.99999960
Character1_LeftHandRing1
1
0.00000000
-0.07679258
1
0.00000000
-0.01262621
1
0.00000000
-0.00624610
3
0.00000000
1.63333300
2.03333400
-0.17224000
-0.17224060
-0.17223940
3
0.00000000
1.63333300
2.03333400
0.10734440
0.10734260
0.10734390
3
0.00000000
1.63333300
2.03333400
0.06688184
0.06688132
0.06688181
3
0.00000000
1.63333300
2.03333400
0.97690190
0.97690210
0.97690210
2
0.00000000
2.03333400
0.99999960
0.99999960
2
0.00000000
2.03333400
1.00000000
1.00000000
2
0.00000000
2.03333400
0.99999970
0.99999970
Character1_LeftHandRing2
1
0.00000000
-0.02368266
1
0.00000000
-0.00075405
1
0.00000000
0.00109833
3
0.00000000
1.63333300
2.03333400
0.05300688
0.05300779
0.05300714
3
0.00000000
1.63333300
2.03333400
0.28214420
0.28214560
0.28214510
3
0.00000000
1.63333300
2.03333400
0.10002230
0.10002280
0.10002320
3
0.00000000
1.63333300
2.03333400
0.95267020
0.95266970
0.95266990
2
0.00000000
2.03333400
0.99999930
0.99999930
2
0.00000000
2.03333400
0.99999950
0.99999950
2
0.00000000
2.03333400
0.99999960
0.99999960
Character1_LeftHandRing3
1
0.00000000
-0.01590740
1
0.00000000
0.00016659
1
0.00000000
-0.00086092
3
0.00000000
1.63333300
2.03333400
-0.06283709
-0.06283728
-0.06283738
3
0.00000000
1.63333300
2.03333400
0.17567340
0.17567460
0.17567320
3
0.00000000
1.63333300
2.03333400
0.08984038
0.08984070
0.08983997
3
0.00000000
1.63333300
2.03333400
0.97832470
0.97832440
0.97832470
2
0.00000000
2.03333400
0.99999970
0.99999970
2
0.00000000
2.03333400
0.99999960
0.99999960
2
0.00000000
2.03333400
0.99999960
0.99999960
Character1_LeftHandRing4
1
0.00000000
-0.02522655
1
0.00000000
-0.00011562
1
0.00000000
-0.00238417
2
0.00000000
2.03333400
0.00333163
0.00333163
2
0.00000000
2.03333400
-0.01695370
-0.01695370
2
0.00000000
2.03333400
-0.00262045
-0.00262045
2
0.00000000
2.03333400
0.99984730
0.99984730
2
0.00000000
2.03333400
1.00000000
1.00000000
2
0.00000000
2.03333400
1.00000000
1.00000000
2
0.00000000
2.03333400
1.00000000
1.00000000
Character1_LeftHandPinky1
1
0.00000000
-0.06575284
1
0.00000000
-0.02783560
1
0.00000000
-0.00228359
3
0.00000000
1.63333300
2.03333400
-0.15853780
-0.15853830
-0.15853710
3
0.00000000
1.63333300
2.03333400
0.13609140
0.13609080
0.13609120
3
0.00000000
1.63333300
2.03333400
0.02809543
0.02809505
0.02809594
3
0.00000000
1.63333300
2.03333400
0.97752520
0.97752520
0.97752540
2
0.00000000
2.03333400
0.99999950
0.99999950
2
0.00000000
2.03333400
0.99999990
0.99999990
2
0.00000000
2.03333400
0.99999950
0.99999950
Character1_LeftHandPinky2
1
0.00000000
-0.01809678
1
0.00000000
0.00013280
1
0.00000000
-0.00001445
3
0.00000000
1.63333300
2.03333400
0.01681665
0.01681767
0.01681658
3
0.00000000
1.63333300
2.03333400
0.07453097
0.07453063
0.07453129
3
0.00000000
1.63333300
2.03333400
0.07136609
0.07136630
0.07136636
3
0.00000000
1.63333300
2.03333400
0.99451960
0.99451960
0.99451950
2
0.00000000
2.03333400
1.00000000
1.00000000
2
0.00000000
2.03333400
1.00000000
1.00000000
2
0.00000000
2.03333400
1.00000000
1.00000000
Character1_LeftHandPinky3
1
0.00000000
-0.01391071
1
0.00000000
0.00000276
1
0.00000000
0.00024778
3
0.00000000
1.63333300
2.03333400
-0.01648924
-0.01648832
-0.01648918
3
0.00000000
1.63333300
2.03333400
0.28629860
0.28629920
0.28629730
3
0.00000000
1.63333300
2.03333400
0.15368540
0.15368540
0.15368490
3
0.00000000
1.63333300
2.03333400
0.94559090
0.94559070
0.94559130
2
0.00000000
2.03333400
1.00000000
1.00000000
2
0.00000000
2.03333400
1.00000000
1.00000000
2
0.00000000
2.03333400
1.00000000
1.00000000
Character1_LeftHandPinky4
1
0.00000000
-0.01920933
1
0.00000000
-0.00029924
1
0.00000000
-0.00002338
2
0.00000000
2.03333400
-0.04783580
-0.04783580
2
0.00000000
2.03333400
-0.00384246
-0.00384246
2
0.00000000
2.03333400
0.00305436
0.00305436
2
0.00000000
2.03333400
0.99884320
0.99884320
2
0.00000000
2.03333400
1.00000000
1.00000000
2
0.00000000
2.03333400
1.00000000
1.00000000
2
0.00000000
2.03333400
0.99999990
0.99999990
J_L_Sode_D00
2
0.00000000
2.03333300
-0.04395507
-0.04395507
2
0.00000000
2.03333300
0.00271871
0.00271871
2
0.00000000
2.03333300
0.03898804
0.03898804
4
0.00000000
0.63333330
1.46666700
2.03333400
0.61472650
0.61320050
0.61151300
0.61485090
4
0.00000000
0.63333330
1.46666700
2.03333400
0.11112280
0.11929750
0.12766600
0.11047710
4
0.00000000
0.63333330
1.46666700
2.03333400
-0.01462573
-0.02501752
-0.03568056
-0.01380416
4
0.00000000
0.63333330
1.46666700
2.03333400
0.78072010
0.78046610
0.78005140
0.78074490
2
0.00000000
2.03333400
1.00000100
1.00000100
2
0.00000000
2.03333400
1.00000100
1.00000100
2
0.00000000
2.03333400
1.00000000
1.00000000
J_L_Sode_A00
2
0.00000000
2.03333300
-0.04704522
-0.04704522
2
0.00000000
2.03333300
0.03601032
0.03601032
2
0.00000000
2.03333300
0.00102944
0.00102944
4
0.00000000
0.63333330
1.46666700
2.03333400
-0.06438363
-0.06321327
-0.06199932
-0.06447656
4
0.00000000
0.63333330
1.46666700
2.03333400
-0.08755099
-0.08840140
-0.08925699
-0.08748427
4
0.00000000
0.63333330
1.46666700
2.03333400
-0.08404160
-0.09722076
-0.11073100
-0.08300005
4
0.00000000
0.63333330
1.46666700
2.03333400
0.99050560
0.98931160
0.98789070
0.99060600
2
0.00000000
2.03333400
1.00000100
1.00000100
2
0.00000000
2.03333400
1.00000100
1.00000100
2
0.00000000
2.03333400
1.00000000
1.00000000
J_L_Sode_B00
2
0.00000000
2.03333300
-0.04425104
-0.04425104
2
0.00000000
2.03333300
0.00025279
0.00025279
2
0.00000000
2.03333300
-0.03773062
-0.03773062
4
0.00000000
0.63333330
1.46666700
2.03333400
-0.70604620
-0.70550020
-0.70480060
-0.70609360
4
0.00000000
0.63333330
1.46666700
2.03333400
-0.03698222
-0.04637825
-0.05601488
-0.03623951
4
0.00000000
0.63333330
1.46666700
2.03333400
-0.03622139
-0.04562023
-0.05525988
-0.03547845
4
0.00000000
0.63333330
1.46666700
2.03333400
0.70625340
0.70571760
0.70502830
0.70630010
2
0.00000000
2.03333400
1.00000100
1.00000100
2
0.00000000
2.03333400
1.00000100
1.00000100
2
0.00000000
2.03333400
1.00000000
1.00000000
J_L_Sode_C00
2
0.00000000
2.03333300
-0.04138999
-0.04138999
2
0.00000000
2.03333300
-0.04891023
-0.04891023
2
0.00000000
2.03333300
0.01278888
0.01278888
4
0.00000000
0.63333330
1.46666700
2.03333400
0.99034710
0.98845290
0.98631320
0.99050300
4
0.00000000
0.63333330
1.46666700
2.03333400
0.13664800
0.14982100
0.16331460
0.13560720
4
0.00000000
0.63333330
1.46666700
2.03333400
-0.02246405
-0.02242011
-0.02237089
-0.02246765
4
0.00000000
0.63333330
1.46666700
2.03333400
-0.00315936
-0.00345877
-0.00376447
-0.00313580
2
0.00000000
2.03333400
1.00000100
1.00000100
2
0.00000000
2.03333400
1.00000000
1.00000000
2
0.00000000
2.03333400
1.00000100
1.00000100
Character1_RightShoulder
1
0.00000000
-0.12245480
1
0.00000000
-0.00014977
1
0.00000000
-0.04199364
10
0.00000000
0.56666670
0.63333330
0.70000000
0.76666670
0.86666670
1.66666700
1.80000000
1.96666700
2.03333400
-0.10603870
-0.10603990
-0.10916040
-0.12258270
-0.12784310
-0.12788560
-0.12788540
-0.12718430
-0.11186340
-0.10632690
10
0.00000000
0.56666670
0.63333330
0.70000000
0.76666670
0.86666670
1.66666700
1.80000000
1.96666700
2.03333400
-0.69710240
-0.69710300
-0.68397040
-0.60449430
-0.51924570
-0.50393500
-0.50393490
-0.54461250
-0.67154390
-0.69594360
10
0.00000000
0.56666670
0.63333330
0.70000000
0.76666670
0.86666670
1.66666700
1.80000000
1.96666700
2.03333400
-0.11625440
-0.11625330
-0.11271120
-0.08818656
-0.05726195
-0.05130709
-0.05130723
-0.06687845
-0.10921270
-0.11594760
10
0.00000000
0.56666670
0.63333330
0.70000000
0.76666670
0.86666670
1.66666700
1.80000000
1.96666700
2.03333400
0.69949190
0.69949130
0.71243570
0.78216580
0.84306660
0.85267950
0.85267960
0.82628600
0.72428450
0.70065200
2
0.00000000
2.03333400
1.00000000
1.00000000
2
0.00000000
2.03333400
1.00000000
1.00000000
2
0.00000000
2.03333400
1.00000000
1.00000000
Character1_RightArm
1
0.00000000
-0.05543732
1
0.00000000
-0.00000005
1
0.00000000
-0.00000100
27
0.00000000
0.16666670
0.33333330
0.56666670
0.60000000
0.63333330
0.66666670
0.70000000
0.73333330
0.76666670
0.80000000
0.83333340
1.00000000
1.03333300
1.06666700
1.10000000
1.13333300
1.16666700
1.20000000
1.23333300
1.26666700
1.36666700
1.53333300
1.70000000
1.86666700
2.00000000
2.03333400
-0.09145100
0.10368900
0.30524640
0.45299610
0.46831520
0.47749760
0.47928400
0.47513190
0.46412890
0.45048290
0.44683200
0.45148170
0.46402950
0.47219460
0.51749900
0.60746320
0.70367090
0.77627680
0.80853480
0.80333190
0.78285280
0.75796560
0.66184510
0.41866250
0.10637310
-0.08068869
-0.09718306
27
0.00000000
0.16666670
0.33333330
0.56666670
0.60000000
0.63333330
0.66666670
0.70000000
0.73333330
0.76666670
0.80000000
0.83333340
1.00000000
1.03333300
1.06666700
1.10000000
1.13333300
1.16666700
1.20000000
1.23333300
1.26666700
1.36666700
1.53333300
1.70000000
1.86666700
2.00000000
2.03333400
-0.55572070
-0.48504460
-0.41234700
-0.40928720
-0.39199130
-0.33364930
-0.21716970
-0.06882790
0.07532611
0.18117330
0.22564000
0.23217290
0.22049090
0.20645700
0.16540560
0.09059980
0.00599960
-0.06657626
-0.11237160
-0.16053490
-0.22046440
-0.27112880
-0.33521820
-0.45937360
-0.53431950
-0.55678000
-0.55817600
27
0.00000000
0.16666670
0.33333330
0.56666670
0.60000000
0.63333330
0.66666670
0.70000000
0.73333330
0.76666670
0.80000000
0.83333340
1.00000000
1.03333300
1.06666700
1.10000000
1.13333300
1.16666700
1.20000000
1.23333300
1.26666700
1.36666700
1.53333300
1.70000000
1.86666700
2.00000000
2.03333400
0.13039050
-0.00406943
-0.19682390
-0.28149600
-0.28719010
-0.30312860
-0.33767420
-0.38840200
-0.44642500
-0.49438450
-0.51102050
-0.50483600
-0.46462750
-0.45451390
-0.44887690
-0.44196750
-0.42148130
-0.38841590
-0.35655730
-0.34571500
-0.34599720
-0.26477970
-0.02653678
0.13118350
0.14574890
0.13611120
0.13513690
27
0.00000000
0.16666670
0.33333330
0.56666670
0.60000000
0.63333330
0.66666670
0.70000000
0.73333330
0.76666670
0.80000000
0.83333340
1.00000000
1.03333300
1.06666700
1.10000000
1.13333300
1.16666700
1.20000000
1.23333300
1.26666700
1.36666700
1.53333300
1.70000000
1.86666700
2.00000000
2.03333400
0.81597150
0.86831090
0.83549680
0.74029630
0.73793330
0.75417980
0.78044880
0.78654710
0.76132460
0.72098920
0.69877450
0.69814090
0.72123620
0.72651560
0.70946840
0.65379270
0.57198320
0.49203150
0.45443490
0.45756710
0.46778510
0.53091340
0.66998920
0.77232660
0.82579950
0.81545020
0.81285490
2
0.00000000
2.03333400
1.00000000
1.00000000
2
0.00000000
2.03333400
0.99999990
0.99999990
2
0.00000000
2.03333400
0.99999990
0.99999990
Character1_RightForeArm
1
0.00000000
-0.23377880
1
0.00000000
0.00001742
1
0.00000000
-0.00001277
25
0.00000000
0.10000000
0.16666670
0.23333330
0.30000000
0.40000000
0.53333340
0.60000000
0.63333330
0.66666670
0.70000000
0.73333330
0.76666670
0.80000000
0.83333340
1.00000000
1.06666700
1.13333300
1.23333300
1.30000000
1.40000000
1.66666700
1.80000000
1.96666700
2.03333400
0.17724620
0.15327910
0.12567290
0.09987689
0.08790299
0.10205440
0.12692990
0.12816470
0.12442060
0.12279570
0.13097240
0.14864750
0.16744040
0.17596170
0.17590110
0.17260620
0.16268100
0.13309780
0.11843740
0.12175320
0.12265260
0.14808510
0.15769030
0.17607600
0.17879280
25
0.00000000
0.10000000
0.16666670
0.23333330
0.30000000
0.40000000
0.53333340
0.60000000
0.63333330
0.66666670
0.70000000
0.73333330
0.76666670
0.80000000
0.83333340
1.00000000
1.06666700
1.13333300
1.23333300
1.30000000
1.40000000
1.66666700
1.80000000
1.96666700
2.03333400
-0.00174063
-0.06345641
-0.11348870
-0.14529350
-0.15358870
-0.14117560
-0.11789650
-0.12152900
-0.12785380
-0.12658140
-0.10633340
-0.06927790
-0.03157721
-0.01463916
-0.01501481
-0.03425644
-0.05735248
-0.10336040
-0.12784420
-0.12461350
-0.12837680
-0.09975794
-0.05582354
-0.00497964
0.00326460
25
0.00000000
0.10000000
0.16666670
0.23333330
0.30000000
0.40000000
0.53333340
0.60000000
0.63333330
0.66666670
0.70000000
0.73333330
0.76666670
0.80000000
0.83333340
1.00000000
1.06666700
1.13333300
1.23333300
1.30000000
1.40000000
1.66666700
1.80000000
1.96666700
2.03333400
-0.16386410
-0.42713470
-0.64987250
-0.81542250
-0.89496670
-0.90259450
-0.85571220
-0.78695150
-0.71149580
-0.58268890
-0.41820370
-0.25230670
-0.12597730
-0.07649796
-0.07933944
-0.18765550
-0.28890800
-0.45098970
-0.65025350
-0.70497260
-0.68742560
-0.52775470
-0.39794750
-0.18319550
-0.14277980
25
0.00000000
0.10000000
0.16666670
0.23333330
0.30000000
0.40000000
0.53333340
0.60000000
0.63333330
0.66666670
0.70000000
0.73333330
0.76666670
0.80000000
0.83333340
1.00000000
1.06666700
1.13333300
1.23333300
1.30000000
1.40000000
1.66666700
1.80000000
1.96666700
2.03333400
0.97042740
0.88883900
0.74094020
0.55136250
0.40953410
0.39367190
0.48759190
0.59119520
0.67966670
0.79332970
0.89254980
0.95364870
0.97729030
0.98131100
0.98109050
0.96634320
0.94168880
0.87647580
0.73945850
0.68750370
0.70421720
0.83041810
0.90202840
0.96716700
0.97346620
2
0.00000000
2.03333400
1.00000000
1.00000000
2
0.00000000
2.03333400
0.99999980
0.99999980
2
0.00000000
2.03333400
0.99999970
0.99999970
Character1_RightHand
1
0.00000000
-0.16248010
1
0.00000000
-0.00000066
1
0.00000000
0.00000173
17
0.00000000
0.13333330
0.26666670
0.43333340
0.56666670
0.63333330
0.70000000
0.76666670
0.86666670
1.00000000
1.06666700
1.16666700
1.26666700
1.43333300
1.63333300
1.86666700
2.03333400
-0.16801910
-0.32833850
-0.50491980
-0.52778390
-0.47601920
-0.40877830
-0.27079370
-0.14724740
-0.12547300
-0.12508350
-0.13858970
-0.26424270
-0.36861420
-0.31697760
-0.14330080
-0.13987570
-0.15846740
17
0.00000000
0.13333330
0.26666670
0.43333340
0.56666670
0.63333330
0.70000000
0.76666670
0.86666670
1.00000000
1.06666700
1.16666700
1.26666700
1.43333300
1.63333300
1.86666700
2.03333400
-0.06630477
-0.06771066
-0.06685854
-0.06665114
-0.06775210
-0.06857704
-0.06891238
-0.06790482
-0.06764404
-0.06765031
-0.06940128
-0.08251786
-0.08916425
-0.08693833
-0.07099747
-0.06624330
-0.06616555
17
0.00000000
0.13333330
0.26666670
0.43333340
0.56666670
0.63333330
0.70000000
0.76666670
0.86666670
1.00000000
1.06666700
1.16666700
1.26666700
1.43333300
1.63333300
1.86666700
2.03333400
0.04628091
0.06348424
0.08160191
0.08387339
0.07884392
0.07214174
0.05811987
0.04525879
0.04300970
0.04299034
0.04275643
0.03839403
0.03178455
0.03516132
0.04241509
0.04406999
0.04524527
17
0.00000000
0.13333330
0.26666670
0.43333340
0.56666670
0.63333330
0.70000000
0.76666670
0.86666670
1.00000000
1.06666700
1.16666700
1.26666700
1.43333300
1.63333300
1.86666700
2.03333400
0.98246190
0.93998870
0.85669550
0.84259550
0.87326920
0.90718970
0.95840700
0.98572750
0.98885330
0.98890320
0.98698950
0.96015230
0.92475030
0.94378530
0.98621760
0.98696730
0.98410520
2
0.00000000
2.03333400
1.00000000
1.00000000
2
0.00000000
2.03333400
0.99999980
0.99999980
2
0.00000000
2.03333400
0.99999990
0.99999990
Character1_RightHandThumb1
1
0.00000000
-0.02633883
1
0.00000000
0.02086117
1
0.00000000
-0.00452684
3
0.00000000
1.63333300
2.03333400
0.46670460
0.46670260
0.46670430
3
0.00000000
1.63333300
2.03333400
-0.11148280
-0.11148230
-0.11148290
3
0.00000000
1.63333300
2.03333400
-0.22818580
-0.22818350
-0.22818590
3
0.00000000
1.63333300
2.03333400
0.84716560
0.84716740
0.84716580
2
0.00000000
2.03333400
1.00000000
1.00000000
2
0.00000000
2.03333400
1.00000000
1.00000000
2
0.00000000
2.03333400
1.00000000
1.00000000
Character1_RightHandThumb2
1
0.00000000
-0.03202948
1
0.00000000
0.00112795
1
0.00000000
0.00060241
3
0.00000000
1.63333300
2.03333400
0.03668464
0.03668460
0.03668492
3
0.00000000
1.63333300
2.03333400
0.17384320
0.17384350
0.17384330
3
0.00000000
1.63333300
2.03333400
0.07676806
0.07676923
0.07676844
3
0.00000000
1.63333300
2.03333400
0.98109100
0.98109080
0.98109090
2
0.00000000
2.03333400
0.99999980
0.99999980
2
0.00000000
2.03333400
0.99999930
0.99999930
2
0.00000000
2.03333400
0.99999980
0.99999980
Character1_RightHandThumb3
1
0.00000000
-0.01758621
1
0.00000000
0.00051133
1
0.00000000
0.00015221
3
0.00000000
1.63333300
2.03333400
0.01054219
0.01054257
0.01054219
3
0.00000000
1.63333300
2.03333400
0.26186960
0.26186980
0.26186980
3
0.00000000
1.63333300
2.03333400
0.09421486
0.09421434
0.09421387
3
0.00000000
1.63333300
2.03333400
0.96043570
0.96043570
0.96043570
2
0.00000000
2.03333400
1.00000000
1.00000000
2
0.00000000
2.03333400
1.00000000
1.00000000
2
0.00000000
2.03333400
1.00000000
1.00000000
Character1_RightHandThumb4
1
0.00000000
-0.02628791
1
0.00000000
0.00158763
1
0.00000000
-0.00003033
2
0.00000000
2.03333400
0.09698050
0.09698050
2
0.00000000
2.03333400
-0.01651486
-0.01651486
2
0.00000000
2.03333400
-0.06892800
-0.06892800
2
0.00000000
2.03333400
0.99275930
0.99275930
2
0.00000000
2.03333400
1.00000000
1.00000000
2
0.00000000
2.03333400
0.99999960
0.99999960
2
0.00000000
2.03333400
0.99999990
0.99999990
Character1_RightHandIndex1
1
0.00000000
-0.07745903
1
0.00000000
0.02477353
1
0.00000000
0.02387737
3
0.00000000
1.63333300
2.03333400
0.99241190
0.99241190
0.99241200
3
0.00000000
1.63333300
2.03333400
0.07668222
0.07668170
0.07668214
3
0.00000000
1.63333300
2.03333400
0.04932009
0.04932097
0.04932010
3
0.00000000
1.63333300
2.03333400
-0.08249808
-0.08249865
-0.08249795
2
0.00000000
2.03333400
0.99999990
0.99999990
2
0.00000000
2.03333400
1.00000000
1.00000000
2
0.00000000
2.03333400
1.00000000
1.00000000
Character1_RightHandIndex2
1
0.00000000
-0.02423301
1
0.00000000
-0.00223004
1
0.00000000
-0.00200852
3
0.00000000
1.63333300
2.03333400
-0.01853815
-0.01853717
-0.01853805
3
0.00000000
1.63333300
2.03333400
0.27415840
0.27415720
0.27415830
3
0.00000000
1.63333300
2.03333400
-0.03294683
-0.03295129
-0.03294694
3
0.00000000
1.63333300
2.03333400
0.96094130
0.96094140
0.96094130
2
0.00000000
2.03333400
1.00000000
1.00000000
2
0.00000000
2.03333400
1.00000000
1.00000000
2
0.00000000
2.03333400
0.99999950
0.99999950
Character1_RightHandIndex3
1
0.00000000
-0.01588617
1
0.00000000
0.00000118
1
0.00000000
-0.00264198
3
0.00000000
1.63333300
2.03333400
-0.03704090
-0.03704090
-0.03704127
3
0.00000000
1.63333300
2.03333400
0.03168697
0.03168745
0.03168739
3
0.00000000
1.63333300
2.03333400
-0.00985192
-0.00985219
-0.00985168
3
0.00000000
1.63333300
2.03333400
0.99876270
0.99876270
0.99876270
2
0.00000000
2.03333400
0.99999990
0.99999990
2
0.00000000
2.03333400
1.00000000
1.00000000
2
0.00000000
2.03333400
1.00000000
1.00000000
Character1_RightHandIndex4
1
0.00000000
-0.02107472
1
0.00000000
-0.00070412
1
0.00000000
-0.00325402
2
0.00000000
2.03333400
0.06180407
0.06180407
2
0.00000000
2.03333400
-0.11389170
-0.11389170
2
0.00000000
2.03333400
-0.00078375
-0.00078375
2
0.00000000
2.03333400
0.99156860
0.99156860
2
0.00000000
2.03333400
0.99999960
0.99999960
2
0.00000000
2.03333400
0.99999980
0.99999980
2
0.00000000
2.03333400
0.99999990
0.99999990
Character1_RightHandMiddle1
1
0.00000000
-0.07734096
1
0.00000000
0.00436004
1
0.00000000
0.02411085
3
0.00000000
1.63333300
2.03333400
0.99717790
0.99717800
0.99717790
3
0.00000000
1.63333300
2.03333400
0.03318638
0.03318636
0.03318626
3
0.00000000
1.63333300
2.03333400
-0.02654407
-0.02654348
-0.02654399
3
0.00000000
1.63333300
2.03333400
-0.06188968
-0.06188891
-0.06188929
2
0.00000000
2.03333400
0.99999990
0.99999990
2
0.00000000
2.03333400
1.00000000
1.00000000
2
0.00000000
2.03333400
1.00000000
1.00000000
Character1_RightHandMiddle2
1
0.00000000
-0.02535491
1
0.00000000
-0.00067981
1
0.00000000
0.00116949
3
0.00000000
1.63333300
2.03333400
-0.02876879
-0.02876667
-0.02876862
3
0.00000000
1.63333300
2.03333400
0.35392730
0.35392650
0.35392680
3
0.00000000
1.63333300
2.03333400
-0.05358184
-0.05358538
-0.05358192
3
0.00000000
1.63333300
2.03333400
0.93329360
0.93329370
0.93329370
2
0.00000000
2.03333400
1.00000000
1.00000000
2
0.00000000
2.03333400
1.00000000
1.00000000
2
0.00000000
2.03333400
0.99999990
0.99999990
Character1_RightHandMiddle3
1
0.00000000
-0.01941583
1
0.00000000
-0.00041665
1
0.00000000
-0.00070466
3
0.00000000
1.63333300
2.03333400
-0.00584345
-0.00584266
-0.00584318
3
0.00000000
1.63333300
2.03333400
0.43805750
0.43805690
0.43805730
3
0.00000000
1.63333300
2.03333400
-0.05273785
-0.05274300
-0.05273772
3
0.00000000
1.63333300
2.03333400
0.89737960
0.89737960
0.89737980
2
0.00000000
2.03333400
1.00000000
1.00000000
2
0.00000000
2.03333400
0.99999990
0.99999990
2
0.00000000
2.03333400
0.99999990
0.99999990
Character1_RightHandMiddle4
1
0.00000000
-0.02143747
1
0.00000000
-0.00047113
1
0.00000000
-0.00506652
2
0.00000000
2.03333400
0.02437098
0.02437098
2
0.00000000
2.03333400
-0.06598202
-0.06598202
2
0.00000000
2.03333400
-0.00813170
-0.00813170
2
0.00000000
2.03333400
0.99749000
0.99749000
2
0.00000000
2.03333400
1.00000000
1.00000000
2
0.00000000
2.03333400
1.00000000
1.00000000
2
0.00000000
2.03333400
0.99999990
0.99999990
Character1_RightHandRing1
1
0.00000000
-0.07430402
1
0.00000000
-0.01371074
1
0.00000000
0.01965605
3
0.00000000
1.63333300
2.03333400
0.96595500
0.96595500
0.96595530
3
0.00000000
1.63333300
2.03333400
-0.02005551
-0.02005195
-0.02005580
3
0.00000000
1.63333300
2.03333400
0.16908830
0.16908750
0.16908710
3
0.00000000
1.63333300
2.03333400
-0.19477630
-0.19477740
-0.19477640
2
0.00000000
2.03333400
1.00000000
1.00000000
2
0.00000000
2.03333400
1.00000000
1.00000000
2
0.00000000
2.03333400
0.99999980
0.99999980
Character1_RightHandRing2
1
0.00000000
-0.02345802
1
0.00000000
-0.00000792
1
0.00000000
-0.00350789
3
0.00000000
1.63333300
2.03333400
-0.05709855
-0.05709858
-0.05709862
3
0.00000000
1.63333300
2.03333400
0.12255310
0.12255370
0.12255400
3
0.00000000
1.63333300
2.03333400
-0.11436480
-0.11436640
-0.11436540
3
0.00000000
1.63333300
2.03333400
0.98419570
0.98419550
0.98419550
2
0.00000000
2.03333400
0.99999990
0.99999990
2
0.00000000
2.03333400
1.00000000
1.00000000
2
0.00000000
2.03333400
1.00000000
1.00000000
Character1_RightHandRing3
1
0.00000000
-0.01589358
1
0.00000000
-0.00103255
1
0.00000000
0.00037811
3
0.00000000
1.63333300
2.03333400
-0.04201515
-0.04201506
-0.04201486
3
0.00000000
1.63333300
2.03333400
0.36975020
0.36975040
0.36975020
3
0.00000000
1.63333300
2.03333400
-0.12219280
-0.12219630
-0.12219310
3
0.00000000
1.63333300
2.03333400
0.92010250
0.92010190
0.92010240
2
0.00000000
2.03333400
0.99999990
0.99999990
2
0.00000000
2.03333400
0.99999990
0.99999990
2
0.00000000
2.03333400
1.00000000
1.00000000
Character1_RightHandRing4
1
0.00000000
-0.02512612
1
0.00000000
-0.00003484
1
0.00000000
-0.00327394
2
0.00000000
2.03333400
0.01259207
0.01259207
2
0.00000000
2.03333400
-0.04324944
-0.04324944
2
0.00000000
2.03333400
-0.00322445
-0.00322445
2
0.00000000
2.03333400
0.99897970
0.99897970
2
0.00000000
2.03333400
1.00000000
1.00000000
2
0.00000000
2.03333400
0.99999990
0.99999990
2
0.00000000
2.03333400
0.99999980
0.99999980
Character1_RightHandPinky1
1
0.00000000
-0.06501900
1
0.00000000
-0.02772160
1
0.00000000
0.01036632
3
0.00000000
1.63333300
2.03333400
0.92177920
0.92178050
0.92177940
3
0.00000000
1.63333300
2.03333400
-0.00122189
-0.00121879
-0.00122159
3
0.00000000
1.63333300
2.03333400
0.10058890
0.10058820
0.10058880
3
0.00000000
1.63333300
2.03333400
-0.37443760
-0.37443470
-0.37443710
2
0.00000000
2.03333400
1.00000000
1.00000000
2
0.00000000
2.03333400
1.00000000
1.00000000
2
0.00000000
2.03333400
0.99999990
0.99999990
Character1_RightHandPinky2
1
0.00000000
-0.01809764
1
0.00000000
-0.00014428
1
0.00000000
-0.00005280
3
0.00000000
1.63333300
2.03333400
0.02639248
0.02639489
0.02639277
3
0.00000000
1.63333300
2.03333400
0.07189438
0.07189493
0.07189446
3
0.00000000
1.63333300
2.03333400
-0.08208582
-0.08208644
-0.08208575
3
0.00000000
1.63333300
2.03333400
0.99367830
0.99367820
0.99367830
2
0.00000000
2.03333400
1.00000000
1.00000000
2
0.00000000
2.03333400
1.00000000
1.00000000
2
0.00000000
2.03333400
1.00000000
1.00000000
Character1_RightHandPinky3
1
0.00000000
-0.01388555
1
0.00000000
0.00026696
1
0.00000000
0.00082812
3
0.00000000
1.63333300
2.03333400
0.02450721
0.02450759
0.02450718
3
0.00000000
1.63333300
2.03333400
0.31070680
0.31070760
0.31070670
3
0.00000000
1.63333300
2.03333400
-0.22230120
-0.22230140
-0.22230130
3
0.00000000
1.63333300
2.03333400
0.92381970
0.92381940
0.92381970
2
0.00000000
2.03333400
1.00000000
1.00000000
2
0.00000000
2.03333400
1.00000000
1.00000000
2
0.00000000
2.03333400
1.00000000
1.00000000
Character1_RightHandPinky4
1
0.00000000
-0.01920296
1
0.00000000
0.00051865
1
0.00000000
-0.00024998
2
0.00000000
2.03333400
-0.01420847
-0.01420847
2
0.00000000
2.03333400
-0.00825185
-0.00825185
2
0.00000000
2.03333400
-0.01770875
-0.01770875
2
0.00000000
2.03333400
0.99970820
0.99970820
2
0.00000000
2.03333400
0.99999970
0.99999970
2
0.00000000
2.03333400
0.99999960
0.99999960
2
0.00000000
2.03333400
0.99999960
0.99999960
J_R_Sode_A00
2
0.00000000
2.03333300
-0.04704347
-0.04704347
2
0.00000000
2.03333300
0.03601107
0.03601107
2
0.00000000
2.03333300
-0.00102966
-0.00102966
4
0.00000000
0.63333330
1.46666700
2.03333400
0.00677496
0.00673228
0.00669205
0.00677821
4
0.00000000
0.63333330
1.46666700
2.03333400
0.00294795
0.00300138
0.00311785
0.00294154
4
0.00000000
0.63333330
1.46666700
2.03333400
-0.09497306
-0.10821710
-0.12179180
-0.09392646
4
0.00000000
0.63333330
1.46666700
2.03333400
0.99543980
0.99410000
0.99252820
0.99555170
2
0.00000000
2.03333400
0.99999990
0.99999990
2
0.00000000
2.03333400
1.00000100
1.00000100
2
0.00000000
2.03333400
1.00000000
1.00000000
J_R_Sode_B00
2
0.00000000
2.03333300
-0.04424990
-0.04424990
2
0.00000000
2.03333300
0.00025344
0.00025344
2
0.00000000
2.03333300
0.03772974
0.03772974
4
0.00000000
0.63333330
1.46666700
2.03333400
0.70485220
0.70406320
0.70311430
0.70491890
4
0.00000000
0.63333330
1.46666700
2.03333400
0.05524795
0.06462669
0.07424197
0.05450672
4
0.00000000
0.63333330
1.46666700
2.03333400
-0.05450206
-0.06388388
-0.07350244
-0.05376058
4
0.00000000
0.63333330
1.46666700
2.03333400
0.70507820
0.70429910
0.70336030
0.70514410
2
0.00000000
2.03333400
0.99999990
0.99999990
2
0.00000000
2.03333400
1.00000100
1.00000100
2
0.00000000
2.03333400
1.00000000
1.00000000
J_R_Sode_D00
2
0.00000000
2.03333300
-0.04395394
-0.04395394
2
0.00000000
2.03333300
0.00270832
0.00270832
2
0.00000000
2.03333300
-0.03898220
-0.03898220
4
0.00000000
0.63333330
1.46666700
2.03333400
-0.70592940
-0.70473750
-0.70337530
-0.70602780
4
0.00000000
0.63333330
1.46666700
2.03333400
-0.08548578
-0.09487752
-0.10449860
-0.08474378
4
0.00000000
0.63333330
1.46666700
2.03333400
-0.03873907
-0.04808039
-0.05766214
-0.03800064
4
0.00000000
0.63333330
1.46666700
2.03333400
0.70201850
0.70144960
0.70072700
0.70206780
2
0.00000000
2.03333400
0.99999990
0.99999990
2
0.00000000
2.03333400
1.00000100
1.00000100
2
0.00000000
2.03333400
1.00000000
1.00000000
J_R_Sode_C00
2
0.00000000
2.03333300
-0.04138786
-0.04138786
2
0.00000000
2.03333300
-0.04891171
-0.04891171
2
0.00000000
2.03333300
-0.01278703
-0.01278703
4
0.00000000
0.63333330
1.46666700
2.03333400
0.99034600
0.98845140
0.98631160
0.99050170
4
0.00000000
0.63333330
1.46666700
2.03333400
0.13666030
0.14983330
0.16332690
0.13561950
4
0.00000000
0.63333330
1.46666700
2.03333400
0.02244465
0.02239949
0.02235102
0.02244826
4
0.00000000
0.63333330
1.46666700
2.03333400
0.00316223
0.00346029
0.00376642
0.00313860
2
0.00000000
2.03333400
0.99999990
0.99999990
2
0.00000000
2.03333400
1.00000100
1.00000100
2
0.00000000
2.03333400
1.00000100
1.00000100
Character1_Neck
1
0.00000000
-0.15685130
1
0.00000000
0.00829848
1
0.00000000
0.00028670
11
0.00000000
0.20000000
0.50000000
0.60000000
0.66666670
0.80000000
1.03333300
1.16666700
1.40000000
1.73333300
2.03333400
-0.01591456
0.00314823
0.00981753
0.00967008
0.00979497
0.00985920
0.00979939
0.00963861
0.01057335
0.00088641
-0.01658198
11
0.00000000
0.20000000
0.50000000
0.60000000
0.66666670
0.80000000
1.03333300
1.16666700
1.40000000
1.73333300
2.03333400
0.02934490
0.00890854
-0.00224558
-0.00125240
-0.00047197
0.00011734
-0.00043707
-0.00141338
-0.00375199
0.01200982
0.02988155
11
0.00000000
0.20000000
0.50000000
0.60000000
0.66666670
0.80000000
1.03333300
1.16666700
1.40000000
1.73333300
2.03333400
-0.19635790
-0.05601671
0.02904975
-0.05473729
-0.17941570
-0.27008470
-0.18499920
-0.02850426
0.03450554
-0.07549742
-0.20054630
11
0.00000000
0.20000000
0.50000000
0.60000000
0.66666670
0.80000000
1.03333300
1.16666700
1.40000000
1.73333300
2.03333400
0.97996390
0.99838510
0.99952720
0.99845320
0.98372450
0.96278610
0.98268970
0.99954620
0.99934150
0.99707330
0.97908800
2
0.00000000
2.03333400
1.00000000
1.00000000
2
0.00000000
2.03333400
1.00000000
1.00000000
2
0.00000000
2.03333400
0.99999980
0.99999980
Character1_Head
1
0.00000000
-0.07808319
1
0.00000000
-0.00553454
1
0.00000000
0.00000000
11
0.00000000
0.26666670
0.30000000
0.36666670
0.60000000
0.76666670
1.03333300
1.30000000
1.53333300
1.70000000
2.03333400
-0.00284352
0.00681599
0.00795326
0.00795332
0.00788825
0.00773173
0.00779249
0.00795271
0.00795269
0.00438184
-0.00373702
11
0.00000000
0.26666670
0.30000000
0.36666670
0.60000000
0.76666670
1.03333300
1.30000000
1.53333300
1.70000000
2.03333400
0.01937798
0.01351418
0.01278635
0.01278622
0.01253795
0.01195047
0.01217566
0.01278594
0.01278586
0.01503576
0.01989402
11
0.00000000
0.26666670
0.30000000
0.36666670
0.60000000
0.76666670
1.03333300
1.30000000
1.53333300
1.70000000
2.03333400
0.08788566
0.25354180
0.27283280
0.27283580
0.28558940
0.31515050
0.30392140
0.27283640
0.27283560
0.21221310
0.07237539
11
0.00000000
0.26666670
0.30000000
0.36666670
0.60000000
0.76666670
1.03333300
1.30000000
1.53333300
1.70000000
2.03333400
0.99593800
0.96720600
0.96194360
0.96194280
0.95823760
0.94893500
0.95258750
0.96194260
0.96194290
0.97709790
0.99717210
2
0.00000000
2.03333400
1.00000000
1.00000000
2
0.00000000
2.03333400
0.99999980
0.99999980
2
0.00000000
2.03333400
1.00000000
1.00000000
J_L_HairSide_00
2
0.00000000
2.03333300
-0.09528863
-0.09528863
2
0.00000000
2.03333300
0.08420379
0.08420379
2
0.00000000
2.03333300
0.08411823
0.08411823
10
0.00000000
0.26666670
0.46666670
0.63333330
0.80000000
1.03333300
1.20000000
1.40000000
1.86666700
2.03333400
0.15765240
0.19137940
0.25736640
0.40583360
0.50396880
0.39846940
0.27819300
0.22966680
0.16499640
0.15662600
10
0.00000000
0.26666670
0.46666670
0.63333330
0.80000000
1.03333300
1.20000000
1.40000000
1.86666700
2.03333400
0.97417590
0.95419930
0.92812210
0.89508200
0.85767260
0.87775310
0.88637610
0.91107100
0.96948360
0.97496560
10
0.00000000
0.26666670
0.46666670
0.63333330
0.80000000
1.03333300
1.20000000
1.40000000
1.86666700
2.03333400
-0.01685388
-0.00935237
-0.00550530
0.00396903
0.02902517
0.04802768
0.07696839
0.07159061
-0.00227991
-0.01723523
10
0.00000000
0.26666670
0.46666670
0.63333330
0.80000000
1.03333300
1.20000000
1.40000000
1.86666700
2.03333400
0.16082930
0.22976130
0.26892690
0.18469330
0.09782959
0.26165850
0.36196970
0.33477990
0.18130770
0.15688650
2
0.00000000
2.03333400
1.00000100
1.00000100
2
0.00000000
2.03333400
1.00000000
1.00000000
2
0.00000000
2.03333400
1.00000100
1.00000100
J_L_HairSide_01
2
0.00000000
2.03333300
-0.07190698
-0.07190698
2
0.00000000
2.03333300
0.00000000
0.00000000
2
0.00000000
2.03333300
0.00000000
0.00000000
7
0.00000000
0.20000000
0.56666670
0.83333340
1.10000000
1.50000000
2.03333400
0.00793576
0.00182465
0.00039313
0.00761223
-0.04187090
-0.03634162
0.00858134
7
0.00000000
0.20000000
0.56666670
0.83333340
1.10000000
1.50000000
2.03333400
0.04322454
-0.00409323
-0.04657160
0.05293348
0.06925672
0.06378774
0.04698507
7
0.00000000
0.20000000
0.56666670
0.83333340
1.10000000
1.50000000
2.03333400
-0.00244996
0.04400966
0.07993169
-0.00313521
0.13016960
0.11691200
-0.00603072
7
0.00000000
0.20000000
0.56666670
0.83333340
1.10000000
1.50000000
2.03333400
0.99906560
0.99902110
0.99571170
0.99856410
0.98818330
0.99042520
0.99884050
2
0.00000000
2.03333400
1.00000000
1.00000000
2
0.00000000
2.03333400
1.00000000
1.00000000
2
0.00000000
2.03333400
1.00000000
1.00000000
J_R_HairSide_00
2
0.00000000
2.03333300
-0.09799041
-0.09799041
2
0.00000000
2.03333300
0.07704446
0.07704446
2
0.00000000
2.03333300
-0.08779540
-0.08779540
9
0.00000000
0.40000000
0.53333340
0.70000000
0.86666670
1.06666700
1.23333300
1.86666700
2.03333400
0.16360430
0.21827370
0.28787970
0.44806890
0.47955720
0.37621600
0.29174660
0.17185790
0.16325990
9
0.00000000
0.40000000
0.53333340
0.70000000
0.86666670
1.06666700
1.23333300
1.86666700
2.03333400
0.97162050
0.94503480
0.92951120
0.88393320
0.86912820
0.89419610
0.90674250
0.96759470
0.97227060
9
0.00000000
0.40000000
0.53333340
0.70000000
0.86666670
1.06666700
1.23333300
1.86666700
2.03333400
-0.02574294
-0.03029913
-0.03445400
-0.05735705
-0.06607953
-0.04586659
-0.04471671
-0.02924799
-0.02569261
9
0.00000000
0.40000000
0.53333340
0.70000000
0.86666670
1.06666700
1.23333300
1.86666700
2.03333400
-0.16871480
-0.24155280
-0.22791930
-0.12085810
-0.10136340
-0.23826690
-0.30116840
-0.18267440
-0.16545670
2
0.00000000
2.03333400
1.00000100
1.00000100
2
0.00000000
2.03333400
1.00000000
1.00000000
2
0.00000000
2.03333400
1.00000100
1.00000100
J_R_HairSide_01
2
0.00000000
2.03333300
-0.07190759
-0.07190759
2
0.00000000
2.03333300
0.00000000
0.00000000
2
0.00000000
2.03333300
0.00000000
0.00000000
8
0.00000000
0.33333330
0.56666670
0.83333340
1.06666700
1.23333300
1.76666700
2.03333400
-0.00825703
-0.00363462
-0.00933132
-0.01961067
-0.00012626
0.00632393
-0.00053888
-0.00860734
8
0.00000000
0.33333330
0.56666670
0.83333340
1.06666700
1.23333300
1.76666700
2.03333400
-0.04364416
0.02240407
0.00645238
-0.10298950
0.03772174
0.09816571
-0.00885020
-0.04678012
8
0.00000000
0.33333330
0.56666670
0.83333340
1.06666700
1.23333300
1.76666700
2.03333400
-0.00381018
0.05214252
0.08517146
0.10141280
0.12888380
0.13324620
0.03303640
-0.00605495
8
0.00000000
0.33333330
0.56666670
0.83333340
1.06666700
1.23333300
1.76666700
2.03333400
0.99894590
0.99838170
0.99630180
0.98930480
0.99094200
0.98618910
0.99941480
0.99884980
2
0.00000000
2.03333400
1.00000000
1.00000000
2
0.00000000
2.03333400
1.00000000
1.00000000
2
0.00000000
2.03333400
1.00000000
1.00000000
J_L_HairFront_00
2
0.00000000
2.03333300
-0.11835310
-0.11835310
2
0.00000000
2.03333300
0.11062720
0.11062720
2
0.00000000
2.03333300
-0.00064683
-0.00064683
2
0.00000000
2.03333400
-0.04601016
-0.04601016
2
0.00000000
2.03333400
0.99770640
0.99770640
2
0.00000000
2.03333400
0.03890041
0.03890041
2
0.00000000
2.03333400
-0.03085173
-0.03085173
2
0.00000000
2.03333400
1.00000100
1.00000100
2
0.00000000
2.03333400
1.00000000
1.00000000
2
0.00000000
2.03333400
1.00000100
1.00000100
J_R_HairFront_00
2
0.00000000
2.03333300
-0.11864670
-0.11864670
2
0.00000000
2.03333300
0.10995260
0.10995260
2
0.00000000
2.03333300
-0.00727659
-0.00727659
2
0.00000000
2.03333400
-0.11370100
-0.11370100
2
0.00000000
2.03333400
0.97812750
0.97812750
2
0.00000000
2.03333400
-0.16029840
-0.16029840
2
0.00000000
2.03333400
-0.06814066
-0.06814066
2
0.00000000
2.03333400
1.00000000
1.00000000
2
0.00000000
2.03333400
1.00000100
1.00000100
2
0.00000000
2.03333400
1.00000100
1.00000100
J_L_HeadRibbon_00
2
0.00000000
2.03333300
-0.17970760
-0.17970760
2
0.00000000
2.03333300
0.08956378
0.08956378
2
0.00000000
2.03333300
0.04141203
0.04141203
8
0.00000000
0.36666670
0.56666670
0.76666670
1.03333300
1.23333300
1.80000000
2.03333400
0.08720378
0.06833680
0.07575342
0.10873320
0.07308592
0.04631774
0.07924815
0.08804575
8
0.00000000
0.36666670
0.56666670
0.76666670
1.03333300
1.23333300
1.80000000
2.03333400
0.23031960
0.23662770
0.23435870
0.22099700
0.23520420
0.24190330
0.23320010
0.23002290
8
0.00000000
0.36666670
0.56666670
0.76666670
1.03333300
1.23333300
1.80000000
2.03333400
0.29108890
0.21555560
0.24520060
0.37775600
0.23453170
0.12786970
0.25918940
0.29446310
8
0.00000000
0.36666670
0.56666670
0.76666670
1.03333300
1.23333300
1.80000000
2.03333400
0.92435670
0.94491970
0.93766420
0.89254570
0.94038950
0.96072200
0.93389420
0.92337910
2
0.00000000
2.03333400
1.00000000
1.00000000
2
0.00000000
2.03333400
1.00000100
1.00000100
2
0.00000000
2.03333400
1.00000000
1.00000000
J_L_HeadRibbon_01
2
0.00000000
2.03333300
-0.08505328
-0.08505328
2
0.00000000
2.03333300
0.00000000
0.00000000
2
0.00000000
2.03333300
0.00000000
0.00000000
8
0.00000000
0.43333340
0.60000000
0.83333340
1.06666700
1.23333300
1.93333400
2.03333400
0.55659510
0.56303270
0.55748450
0.54279220
0.56131390
0.56582350
0.55697520
0.55631430
8
0.00000000
0.43333340
0.60000000
0.83333340
1.06666700
1.23333300
1.93333400
2.03333400
0.41260750
0.36545290
0.40737780
0.47947810
0.38018990
0.33506690
0.41058080
0.41462450
8
0.00000000
0.43333340
0.60000000
0.83333340
1.06666700
1.23333300
1.93333400
2.03333400
0.11632980
0.07986326
0.11222750
0.16958960
0.09116304
0.05681364
0.11472830
0.11789140
8
0.00000000
0.43333340
0.60000000
0.83333340
1.06666700
1.23333300
1.93333400
2.03333400
0.71151950
0.73692620
0.71460430
0.66836870
0.72943240
0.75122980
0.71276890
0.71042420
2
0.00000000
2.03333400
1.00000000
1.00000000
2
0.00000000
2.03333400
1.00000000
1.00000000
2
0.00000000
2.03333400
1.00000000
1.00000000
J_R_HeadRibbon_00
2
0.00000000
2.03333300
-0.18103220
-0.18103220
2
0.00000000
2.03333300
0.08604571
0.08604571
2
0.00000000
2.03333300
-0.04305515
-0.04305515
8
0.00000000
0.36666670
0.56666670
0.76666670
1.03333300
1.23333300
1.80000000
2.03333400
-0.12099350
-0.10418770
-0.11082920
-0.13981610
-0.10844550
-0.08422602
-0.11394380
-0.12174090
8
0.00000000
0.36666670
0.56666670
0.76666670
1.03333300
1.23333300
1.80000000
2.03333400
-0.20345430
-0.21257490
-0.20918910
-0.19103580
-0.21043470
-0.22124460
-0.20750900
-0.20303290
8
0.00000000
0.36666670
0.56666670
0.76666670
1.03333300
1.23333300
1.80000000
2.03333400
0.30173890
0.22624590
0.25588390
0.38827130
0.24521870
0.13851980
0.26986560
0.30511060
8
0.00000000
0.36666670
0.56666670
0.76666670
1.03333300
1.23333300
1.80000000
2.03333400
0.92343940
0.94486490
0.93727280
0.89061900
0.94011940
0.96164910
0.93334310
0.92242310
2
0.00000000
2.03333400
1.00000000
1.00000000
2
0.00000000
2.03333400
1.00000100
1.00000100
2
0.00000000
2.03333400
1.00000000
1.00000000
J_R_HeadRibbon_01
2
0.00000000
2.03333300
-0.08505593
-0.08505593
2
0.00000000
2.03333300
0.00000000
0.00000000
2
0.00000000
2.03333300
0.00000000
0.00000000
8
0.00000000
0.33333330
0.56666670
0.83333340
1.06666700
1.23333300
1.83333300
2.03333400
-0.55670690
-0.56398330
-0.56233550
-0.54599020
-0.56423810
-0.56774740
-0.55912330
-0.55631260
8
0.00000000
0.33333330
0.56666670
0.83333340
1.06666700
1.23333300
1.83333300
2.03333400
-0.41194550
-0.35618850
-0.37163110
-0.46634380
-0.35355500
-0.30223100
-0.39643960
-0.41459090
8
0.00000000
0.33333330
0.56666670
0.83333340
1.06666700
1.23333300
1.83333300
2.03333400
0.11582190
0.07281482
0.08460458
0.15897750
0.07081293
0.03227991
0.10373180
0.11787860
8
0.00000000
0.33333330
0.56666670
0.83333340
1.06666700
1.23333300
1.83333300
2.03333400
0.71192310
0.74145170
0.73383330
0.67760190
0.74271110
0.76503420
0.72073330
0.71044730
2
0.00000000
2.03333400
1.00000000
1.00000000
2
0.00000000
2.03333400
1.00000000
1.00000000
2
0.00000000
2.03333400
1.00000000
1.00000000
J_L_HairTail_00
2
0.00000000
2.03333300
-0.03154395
-0.03154395
2
0.00000000
2.03333300
-0.06754832
-0.06754832
2
0.00000000
2.03333300
0.06546028
0.06546028
9
0.00000000
0.23333330
0.53333340
0.83333340
1.00000000
1.16666700
1.36666700
1.70000000
2.03333400
-0.14194790
-0.10092260
-0.10717000
-0.09823724
-0.11589390
-0.10287670
-0.12485070
-0.15583280
-0.14381840
9
0.00000000
0.23333330
0.53333340
0.83333340
1.00000000
1.16666700
1.36666700
1.70000000
2.03333400
0.02591305
0.00615743
-0.00131242
0.01905377
0.12359220
0.19936500
0.18315690
0.09035580
0.02666173
9
0.00000000
0.23333330
0.53333340
0.83333340
1.00000000
1.16666700
1.36666700
1.70000000
2.03333400
0.97213920
0.95020630
0.93625280
0.94987210
0.86510910
0.77709170
0.81494420
0.92821340
0.97252480
9
0.00000000
0.23333330
0.53333340
0.83333340
1.00000000
1.16666700
1.36666700
1.70000000
2.03333400
0.18472900
0.29476190
0.33457960
0.29619150
0.47210150
0.58804630
0.53547340
0.32553330
0.18111020
2
0.00000000
2.03333400
1.00000100
1.00000100
2
0.00000000
2.03333400
1.00000100
1.00000100
2
0.00000000
2.03333400
1.00000000
1.00000000
J_L_HairTail_01
2
0.00000000
2.03333300
-0.11597680
-0.11597680
2
0.00000000
2.03333300
0.00000000
0.00000000
2
0.00000000
2.03333300
0.00000000
0.00000000
7
0.00000000
0.40000000
0.80000000
1.06666700
1.43333300
1.96666700
2.03333400
-0.00012380
-0.00012186
-0.00015840
-0.00023155
-0.00021569
-0.00012695
-0.00012412
7
0.00000000
0.40000000
0.80000000
1.06666700
1.43333300
1.96666700
2.03333400
0.00052543
0.00052588
0.00051605
0.00048763
0.00049485
0.00052468
0.00052535
7
0.00000000
0.40000000
0.80000000
1.06666700
1.43333300
1.96666700
2.03333400
0.00311634
0.00679890
-0.06326851
-0.20730230
-0.17561940
-0.00288289
0.00250285
7
0.00000000
0.40000000
0.80000000
1.06666700
1.43333300
1.96666700
2.03333400
0.99999410
0.99997680
0.99799640
0.97827680
0.98445800
0.99999570
0.99999670
2
0.00000000
2.03333400
1.00000000
1.00000000
2
0.00000000
2.03333400
1.00000000
1.00000000
2
0.00000000
2.03333400
1.00000000
1.00000000
J_L_HairTail_02
2
0.00000000
2.03333300
-0.13655790
-0.13655790
2
0.00000000
2.03333300
0.00000000
0.00000000
2
0.00000000
2.03333300
0.00000000
0.00000000
7
0.00000000
0.40000000
0.80000000
1.06666700
1.43333300
1.96666700
2.03333400
-0.00430526
-0.00423042
-0.00564437
-0.00848258
-0.00786631
-0.00442708
-0.00431773
7
0.00000000
0.40000000
0.80000000
1.06666700
1.43333300
1.96666700
2.03333400
0.02031676
0.02033250
0.01998620
0.01895660
0.01922051
0.02029059
0.02031414
7
0.00000000
0.40000000
0.80000000
1.06666700
1.43333300
1.96666700
2.03333400
0.02019123
0.02387216
-0.04620374
-0.19052230
-0.15874520
0.01419419
0.01957800
7
0.00000000
0.40000000
0.80000000
1.06666700
1.43333300
1.96666700
2.03333400
0.99957950
0.99949930
0.99871610
0.98146320
0.98710110
0.99968360
0.99959260
2
0.00000000
2.03333400
1.00000000
1.00000000
2
0.00000000
2.03333400
1.00000000
1.00000000
2
0.00000000
2.03333400
1.00000000
1.00000000
J_L_HairTail_03
2
0.00000000
2.03333300
-0.13229260
-0.13229260
2
0.00000000
2.03333300
0.00000000
0.00000000
2
0.00000000
2.03333300
0.00000000
0.00000000
7
0.00000000
0.43333340
0.96666660
1.30000000
1.63333300
1.90000000
2.03333400
0.00558113
0.00489490
0.00785652
0.01293933
0.01283398
0.00725935
0.00566188
7
0.00000000
0.43333340
0.96666660
1.30000000
1.63333300
1.90000000
2.03333400
-0.03381328
-0.03392023
-0.03335891
-0.03173508
-0.03177783
-0.03349393
-0.03380067
7
0.00000000
0.43333340
0.96666660
1.30000000
1.63333300
1.90000000
2.03333400
0.02577351
0.04601450
-0.04188822
-0.19637510
-0.19312300
-0.02404398
0.02339182
7
0.00000000
0.43333340
0.96666660
1.30000000
1.63333300
1.90000000
2.03333400
0.99905680
0.99835270
0.99853440
0.97992970
0.98057590
0.99912330
0.99913880
2
0.00000000
2.03333400
1.00000000
1.00000000
2
0.00000000
2.03333400
1.00000000
1.00000000
2
0.00000000
2.03333400
1.00000000
1.00000000
J_L_HairTail_04
2
0.00000000
2.03333300
-0.13752590
-0.13752590
2
0.00000000
2.03333300
0.00000000
0.00000000
2
0.00000000
2.03333300
0.00000000
0.00000000
7
0.00000000
0.43333340
0.96666660
1.23333300
1.56666700
1.86666700
2.03333400
0.00778866
0.00325924
0.00801631
0.02473458
0.03121200
0.01463827
0.00808615
7
0.00000000
0.43333340
0.96666660
1.23333300
1.56666700
1.86666700
2.03333400
-0.09735468
-0.09761655
-0.09734142
-0.09448712
-0.09254957
-0.09656776
-0.09733564
7
0.00000000
0.43333340
0.96666660
1.23333300
1.56666700
1.86666700
2.03333400
0.06095698
0.10702610
0.05864140
-0.11410680
-0.18222930
-0.00927110
0.05792863
7
0.00000000
0.43333340
0.96666660
1.23333300
1.56666700
1.86666700
2.03333400
0.99329710
0.98944720
0.99348960
0.98865570
0.97839300
0.99517560
0.99353140
2
0.00000000
2.03333400
1.00000000
1.00000000
2
0.00000000
2.03333400
1.00000000
1.00000000
2
0.00000000
2.03333400
1.00000000
1.00000000
J_L_HairTail_05
2
0.00000000
2.03333300
-0.14597840
-0.14597840
2
0.00000000
2.03333300
0.00000000
0.00000000
2
0.00000000
2.03333300
0.00000000
0.00000000
7
0.00000000
0.43333340
0.96666660
1.23333300
1.56666700
1.86666700
2.03333400
-0.00016337
-0.00079807
-0.00013147
0.00223545
0.00316317
0.00080147
-0.00012166
7
0.00000000
0.43333340
0.96666660
1.23333300
1.56666700
1.86666700
2.03333400
-0.01366981
-0.01364821
-0.01367089
-0.01348752
-0.01330056
-0.01364801
-0.01367098
7
0.00000000
0.43333340
0.96666660
1.23333300
1.56666700
1.86666700
2.03333400
0.03514779
0.08151914
0.03281705
-0.14055870
-0.20870930
-0.03543631
0.03210006
7
0.00000000
0.43333340
0.96666660
1.23333300
1.56666700
1.86666700
2.03333400
0.99923530
0.99657800
0.99936790
0.98997800
0.97788210
0.99927840
0.99939120
2
0.00000000
2.03333400
1.00000100
1.00000100
2
0.00000000
2.03333400
1.00000000
1.00000000
2
0.00000000
2.03333400
1.00000100
1.00000100
J_R_HairTail_00
2
0.00000000
2.03333300
-0.03349167
-0.03349167
2
0.00000000
2.03333300
-0.07271498
-0.07271498
2
0.00000000
2.03333300
-0.05859684
-0.05859684
9
0.00000000
0.23333330
0.53333340
0.83333340
1.00000000
1.16666700
1.36666700
1.70000000
2.03333400
0.05180263
0.09059078
0.08135454
0.10010460
0.08890233
0.05244273
0.06044308
0.07005706
0.05012121
9
0.00000000
0.23333330
0.53333340
0.83333340
1.00000000
1.16666700
1.36666700
1.70000000
2.03333400
0.03634894
0.03825130
0.04483797
0.02747635
-0.05364634
-0.10747560
-0.08687695
-0.00874973
0.03599907
9
0.00000000
0.23333330
0.53333340
0.83333340
1.00000000
1.16666700
1.36666700
1.70000000
2.03333400
0.98009450
0.94928360
0.93644740
0.94784930
0.86797890
0.78868440
0.82988350
0.94072710
0.98087740
9
0.00000000
0.23333330
0.53333340
0.83333340
1.00000000
1.16666700
1.36666700
1.70000000
2.03333400
0.18817560
0.29864840
0.33828570
0.30134010
0.48562430
0.60305540
0.54780700
0.33173490
0.18458470
2
0.00000000
2.03333400
1.00000100
1.00000100
2
0.00000000
2.03333400
1.00000100
1.00000100
2
0.00000000
2.03333400
1.00000000
1.00000000
J_R_HairTail_01
2
0.00000000
2.03333300
-0.11597510
-0.11597510
2
0.00000000
2.03333300
0.00000000
0.00000000
2
0.00000000
2.03333300
0.00000000
0.00000000
7
0.00000000
0.40000000
0.80000000
1.06666700
1.43333300
1.96666700
2.03333400
0.00012196
0.00012006
0.00015606
0.00022813
0.00021250
0.00012507
0.00012228
7
0.00000000
0.40000000
0.80000000
1.06666700
1.43333300
1.96666700
2.03333400
-0.00051769
-0.00051813
-0.00050845
-0.00048045
-0.00048756
-0.00051695
-0.00051761
7
0.00000000
0.40000000
0.80000000
1.06666700
1.43333300
1.96666700
2.03333400
0.00312126
0.00680382
-0.06326360
-0.20729750
-0.17561450
-0.00287797
0.00250777
7
0.00000000
0.40000000
0.80000000
1.06666700
1.43333300
1.96666700
2.03333400
0.99999410
0.99997680
0.99799670
0.97827780
0.98445890
0.99999570
0.99999670
2
0.00000000
2.03333400
1.00000000
1.00000000
2
0.00000000
2.03333400
1.00000000
1.00000000
2
0.00000000
2.03333400
1.00000000
1.00000000
J_R_HairTail_02
2
0.00000000
2.03333300
-0.13656150
-0.13656150
2
0.00000000
2.03333300
0.00000000
0.00000000
2
0.00000000
2.03333300
0.00000000
0.00000000
7
0.00000000
0.40000000
0.80000000
1.06666700
1.43333300
1.96666700
2.03333400
0.00430602
0.00423117
0.00564537
0.00848411
0.00786773
0.00442786
0.00431849
7
0.00000000
0.40000000
0.80000000
1.06666700
1.43333300
1.96666700
2.03333400
-0.02032053
-0.02033626
-0.01998990
-0.01896013
-0.01922408
-0.02029435
-0.02031790
7
0.00000000
0.40000000
0.80000000
1.06666700
1.43333300
1.96666700
2.03333400
0.02018618
0.02386711
-0.04620878
-0.19052720
-0.15875020
0.01418914
0.01957295
7
0.00000000
0.40000000
0.80000000
1.06666700
1.43333300
1.96666700
2.03333400
0.99957960
0.99949930
0.99871580
0.98146210
0.98710020
0.99968360
0.99959270
2
0.00000000
2.03333400
1.00000000
1.00000000
2
0.00000000
2.03333400
1.00000000
1.00000000
2
0.00000000
2.03333400
1.00000000
1.00000000
J_R_HairTail_03
2
0.00000000
2.03333300
-0.13228850
-0.13228850
2
0.00000000
2.03333300
0.00000000
0.00000000
2
0.00000000
2.03333300
0.00000000
0.00000000
7
0.00000000
0.43333340
0.96666660
1.30000000
1.63333300
1.90000000
2.03333400
-0.00558090
-0.00489471
-0.00785616
-0.01293870
-0.01283335
-0.00725903
-0.00566164
7
0.00000000
0.43333340
0.96666660
1.30000000
1.63333300
1.90000000
2.03333400
0.03381143
0.03391837
0.03335708
0.03173333
0.03177608
0.03349210
0.03379882
7
0.00000000
0.43333340
0.96666660
1.30000000
1.63333300
1.90000000
2.03333400
0.02577459
0.04601558
-0.04188714
-0.19637410
-0.19312190
-0.02404290
0.02339290
7
0.00000000
0.43333340
0.96666660
1.30000000
1.63333300
1.90000000
2.03333400
0.99905680
0.99835270
0.99853440
0.97993000
0.98057610
0.99912340
0.99913880
2
0.00000000
2.03333400
1.00000000
1.00000000
2
0.00000000
2.03333400
1.00000000
1.00000000
2
0.00000000
2.03333400
1.00000000
1.00000000
J_R_HairTail_04
2
0.00000000
2.03333300
-0.13752580
-0.13752580
2
0.00000000
2.03333300
0.00000000
0.00000000
2
0.00000000
2.03333300
0.00000000
0.00000000
7
0.00000000
0.43333340
0.96666660
1.23333300
1.56666700
1.86666700
2.03333400
-0.00778918
-0.00325952
-0.00801684
-0.02473596
-0.03121371
-0.01463914
-0.00808668
7
0.00000000
0.43333340
0.96666660
1.23333300
1.56666700
1.86666700
2.03333400
0.09735966
0.09762155
0.09734642
0.09449194
0.09255429
0.09657271
0.09734063
7
0.00000000
0.43333340
0.96666660
1.23333300
1.56666700
1.86666700
2.03333400
0.06095683
0.10702590
0.05864125
-0.11410690
-0.18222940
-0.00927122
0.05792847
7
0.00000000
0.43333340
0.96666660
1.23333300
1.56666700
1.86666700
2.03333400
0.99329660
0.98944680
0.99348910
0.98865520
0.97839250
0.99517510
0.99353090
2
0.00000000
2.03333400
1.00000000
1.00000000
2
0.00000000
2.03333400
1.00000000
1.00000000
2
0.00000000
2.03333400
1.00000000
1.00000000
J_R_HairTail_05
2
0.00000000
2.03333300
-0.14597890
-0.14597890
2
0.00000000
2.03333300
0.00000000
0.00000000
2
0.00000000
2.03333300
0.00000000
0.00000000
7
0.00000000
0.43333340
0.96666660
1.23333300
1.56666700
1.86666700
2.03333400
0.00016334
0.00079800
0.00013144
-0.00223534
-0.00316301
-0.00080144
0.00012163
7
0.00000000
0.43333340
0.96666660
1.23333300
1.56666700
1.86666700
2.03333400
0.01366905
0.01364744
0.01367012
0.01348676
0.01329981
0.01364724
0.01367021
7
0.00000000
0.43333340
0.96666660
1.23333300
1.56666700
1.86666700
2.03333400
0.03514785
0.08151919
0.03281710
-0.14055860
-0.20870930
-0.03543626
0.03210011
7
0.00000000
0.43333340
0.96666660
1.23333300
1.56666700
1.86666700
2.03333400
0.99923530
0.99657800
0.99936790
0.98997800
0.97788220
0.99927840
0.99939120
2
0.00000000
2.03333400
1.00000100
1.00000100
2
0.00000000
2.03333400
1.00000000
1.00000000
2
0.00000000
2.03333400
1.00000100
1.00000100
J_Mune_root_00
1
0.00000000
-0.08766683
1
0.00000000
-0.00030448
1
0.00000000
0.00000002
9
0.00000000
0.20000000
0.50000000
0.60000000
0.70000000
0.90000000
1.10000000
1.56666700
2.03333400
-0.48596870
-0.44678800
-0.42520370
-0.44964730
-0.49685260
-0.50690550
-0.47116070
-0.43292050
-0.49192600
9
0.00000000
0.20000000
0.50000000
0.60000000
0.70000000
0.90000000
1.10000000
1.56666700
2.03333400
0.51369770
0.54750940
0.56392940
0.54475420
0.50223070
0.49210890
0.52631530
0.55810840
0.50812290
9
0.00000000
0.20000000
0.50000000
0.60000000
0.70000000
0.90000000
1.10000000
1.56666700
2.03333400
0.47918890
0.44557020
0.42623030
0.45022350
0.49673350
0.50664300
0.47143190
0.43361540
0.48637280
9
0.00000000
0.20000000
0.50000000
0.60000000
0.70000000
0.90000000
1.10000000
1.56666700
2.03333400
0.51976500
0.54961910
0.56525490
0.54622240
0.50414040
0.49415430
0.52796940
0.55952890
0.51309030
2
0.00000000
2.03333400
1.00000000
1.00000000
2
0.00000000
2.03333400
1.00000100
1.00000100
2
0.00000000
2.03333400
1.00000000
1.00000000
J_L_SusoSide_00
2
0.00000000
2.03333300
-0.05543403
-0.05543403
2
0.00000000
2.03333300
0.00173068
0.00173068
2
0.00000000
2.03333300
0.09865373
0.09865373
6
0.00000000
0.26666670
0.56666670
0.83333340
1.20000000
2.03333400
-0.09698761
-0.15079740
-0.16688650
-0.10419880
-0.16331780
-0.09381975
6
0.00000000
0.26666670
0.56666670
0.83333340
1.20000000
2.03333400
0.69739740
0.68778660
0.68353520
0.69701270
0.69796560
0.69785550
6
0.00000000
0.26666670
0.56666670
0.83333340
1.20000000
2.03333400
0.70716420
0.70007570
0.69717820
0.70630340
0.69502980
0.70745960
6
0.00000000
0.26666670
0.56666670
0.83333340
1.20000000
2.03333400
0.06409360
0.11875940
0.13737200
0.06672002
0.05572347
0.06079871
2
0.00000000
2.03333400
1.00000000
1.00000000
2
0.00000000
2.03333400
1.00000000
1.00000000
2
0.00000000
2.03333400
1.00000000
1.00000000
J_R_SusoSide_00
2
0.00000000
2.03333300
-0.05543370
-0.05543370
2
0.00000000
2.03333300
0.00173073
0.00173073
2
0.00000000
2.03333300
-0.09865367
-0.09865367
7
0.00000000
0.26666670
0.56666670
0.83333340
1.16666700
1.86666700
2.03333400
0.69739730
0.68778640
0.68371410
0.69674960
0.69378910
0.69743090
0.69785100
7
0.00000000
0.26666670
0.56666670
0.83333340
1.16666700
1.86666700
2.03333400
0.09698822
0.15079790
0.16564460
0.10680570
0.20515210
0.10629500
0.09386606
7
0.00000000
0.26666670
0.56666670
0.83333340
1.16666700
1.86666700
2.03333400
-0.06409418
-0.11876000
-0.13683790
-0.06784685
-0.07431923
-0.06207155
-0.06081912
7
0.00000000
0.26666670
0.56666670
0.83333340
1.16666700
1.86666700
2.03333400
0.70716400
0.70007560
0.69740400
0.70606610
0.68632790
0.70600180
0.70745610
2
0.00000000
2.03333400
1.00000000
1.00000000
2
0.00000000
2.03333400
1.00000000
1.00000000
2
0.00000000
2.03333400
1.00000000
1.00000000
J_L_Skirt_00
2
0.00000000
2.03333300
-0.06887829
-0.06887829
2
0.00000000
2.03333300
0.07501759
0.07501759
2
0.00000000
2.03333300
0.05685667
0.05685667
10
0.00000000
0.03333334
0.33333330
0.56666670
0.83333340
1.00000000
1.16666700
1.43333300
1.86666700
2.03333400
0.01485573
0.00440037
-0.09071401
-0.07473488
-0.00548182
-0.16357290
-0.28033960
-0.21687120
-0.01227135
0.02179369
10
0.00000000
0.03333334
0.33333330
0.56666670
0.83333340
1.00000000
1.16666700
1.43333300
1.86666700
2.03333400
0.99886140
0.99894350
0.99482590
0.99615370
0.99893810
0.98547020
0.95881030
0.97512790
0.99887780
0.99871540
10
0.00000000
0.03333334
0.33333330
0.56666670
0.83333340
1.00000000
1.16666700
1.43333300
1.86666700
2.03333400
0.00068026
0.00020150
-0.00415397
-0.00342229
-0.00025101
-0.00749039
-0.01283742
-0.00993102
-0.00056193
0.00099798
10
0.00000000
0.03333334
0.33333330
0.56666670
0.83333340
1.00000000
1.16666700
1.43333300
1.86666700
2.03333400
0.04573993
0.04574367
0.04555523
0.04561593
0.04574348
0.04512675
0.04390590
0.04465322
0.04574075
0.04573331
2
0.00000000
2.03333400
1.00000000
1.00000000
2
0.00000000
2.03333400
1.00000000
1.00000000
2
0.00000000
2.03333400
1.00000000
1.00000000
J_L_Skirt_01
2
0.00000000
2.03333300
-0.14191040
-0.14191040
2
0.00000000
2.03333300
0.00000000
0.00000000
2
0.00000000
2.03333300
0.00000000
0.00000000
9
0.00000000
0.26666670
0.56666670
0.83333340
1.00000000
1.16666700
1.43333300
1.86666700
2.03333400
0.00206375
-0.00057665
-0.00116676
0.00128284
-0.00411598
-0.00812816
-0.00594466
0.00105174
0.00221056
9
0.00000000
0.26666670
0.56666670
0.83333340
1.00000000
1.16666700
1.43333300
1.86666700
2.03333400
0.03395754
0.03401601
0.03400088
0.03399670
0.03377100
0.03303566
0.03349751
0.03400464
0.03394901
9
0.00000000
0.26666670
0.56666670
0.83333340
1.00000000
1.16666700
1.43333300
1.86666700
2.03333400
0.01640026
-0.06116602
-0.07846480
-0.00656868
-0.16471910
-0.28151150
-0.21803110
-0.01336132
0.02071981
9
0.00000000
0.26666670
0.56666670
0.83333340
1.00000000
1.16666700
1.43333300
1.86666700
2.03333400
0.99926590
0.99754760
0.99633620
0.99939950
0.98575370
0.95895460
0.97534870
0.99933180
0.99920630
2
0.00000000
2.03333400
1.00000000
1.00000000
2
0.00000000
2.03333400
1.00000000
1.00000000
2
0.00000000
2.03333400
1.00000000
1.00000000
J_L_SusoFront_00
2
0.00000000
2.03333300
0.00000000
0.00000000
2
0.00000000
2.03333300
-0.00000003
-0.00000003
2
0.00000000
2.03333300
0.00000000
0.00000000
7
0.00000000
0.26666670
0.56666670
0.83333340
1.20000000
1.50000000
2.03333400
0.00015126
0.00077625
0.00092142
0.00020200
0.00042501
-0.00545595
0.00008603
7
0.00000000
0.26666670
0.56666670
0.83333340
1.20000000
1.50000000
2.03333400
-0.00734868
-0.00728393
-0.00733327
-0.00730691
-0.00825684
-0.04944820
-0.00745755
7
0.00000000
0.26666670
0.56666670
0.83333340
1.20000000
1.50000000
2.03333400
-0.06359892
-0.14082200
-0.16517820
-0.07115098
-0.12222580
-0.13908670
-0.05912762
7
0.00000000
0.26666670
0.56666670
0.83333340
1.20000000
1.50000000
2.03333400
0.99792780
0.99000790
0.98623610
0.99743880
0.99246790
0.98902980
0.99822260
2
0.00000000
2.03333400
0.99999950
0.99999950
2
0.00000000
2.03333400
0.99999950
0.99999950
2
0.00000000
2.03333400
0.99999960
0.99999960
J_L_SkirtBack_00
2
0.00000000
2.03333300
-0.07235061
-0.07235061
2
0.00000000
2.03333300
-0.04127109
-0.04127109
2
0.00000000
2.03333300
0.05315229
0.05315229
9
0.00000000
0.13333330
0.46666670
0.70000000
0.86666670
1.03333300
1.20000000
1.66666700
2.03333400
-0.05501679
-0.05515306
-0.05515633
-0.05507722
-0.05514532
-0.05472737
-0.05393606
-0.05516557
-0.05496221
9
0.00000000
0.13333330
0.46666670
0.70000000
0.86666670
1.03333300
1.20000000
1.66666700
2.03333400
0.00441612
0.00212313
-0.00203626
0.00358700
0.00231536
-0.00716113
-0.01171615
-0.00176818
0.00505201
9
0.00000000
0.13333330
0.46666670
0.70000000
0.86666670
1.03333300
1.20000000
1.66666700
2.03333400
0.98693590
0.97978680
0.96252500
0.98454740
0.98045120
0.93363340
0.90073570
0.96380390
0.98862290
9
0.00000000
0.13333330
0.46666670
0.70000000
0.86666670
1.03333300
1.20000000
1.66666700
2.03333400
0.15134480
0.19227950
0.26551710
0.16619270
0.18886280
0.35395230
0.43084660
0.26083640
0.13992300
2
0.00000000
2.03333400
1.00000000
1.00000000
2
0.00000000
2.03333400
1.00000000
1.00000000
2
0.00000000
2.03333400
1.00000000
1.00000000
J_L_SkirtBack_01
2
0.00000000
2.03333300
-0.14993030
-0.14993030
2
0.00000000
2.03333300
0.00000000
0.00000000
2
0.00000000
2.03333300
0.00000000
0.00000000
8
0.00000000
0.30000000
0.56666670
0.86666670
1.06666700
1.40000000
1.83333300
2.03333400
-0.00508332
0.00016006
0.00210963
0.00186969
0.01159352
0.01015867
-0.00257133
-0.00533163
8
0.00000000
0.30000000
0.56666670
0.86666670
1.06666700
1.40000000
1.83333300
2.03333400
-0.06252737
-0.06273540
-0.06270014
-0.06270774
-0.06165507
-0.06190766
-0.06268290
-0.06250864
8
0.00000000
0.30000000
0.56666670
0.86666670
1.06666700
1.40000000
1.83333300
2.03333400
0.11736350
0.03412696
0.00311261
0.00693151
-0.14827110
-0.12531260
0.07751933
0.12130010
8
0.00000000
0.30000000
0.56666670
0.86666670
1.06666700
1.40000000
1.83333300
2.03333400
0.99107420
0.99744650
0.99802540
0.99800610
0.98695490
0.99013180
0.99501510
0.99063140
2
0.00000000
2.03333400
1.00000000
1.00000000
2
0.00000000
2.03333400
1.00000000
1.00000000
2
0.00000000
2.03333400
1.00000000
1.00000000
J_L_SusoBack_00
2
0.00000000
2.03333300
0.00000000
0.00000000
2
0.00000000
2.03333300
0.00000000
0.00000000
2
0.00000000
2.03333300
0.00000000
0.00000000
6
0.00000000
0.26666670
0.56666670
0.83333340
1.20000000
2.03333400
0.00309801
-0.00038572
-0.00149209
0.00274505
0.00059990
0.00330349
6
0.00000000
0.26666670
0.56666670
0.83333340
1.20000000
2.03333400
0.04478893
0.04489521
0.04487207
0.04481287
0.04489286
0.04477517
6
0.00000000
0.26666670
0.56666670
0.83333340
1.20000000
2.03333400
-0.02625619
-0.10364520
-0.12810200
-0.03412494
-0.08180900
-0.02167574
6
0.00000000
0.26666670
0.56666670
0.83333340
1.20000000
2.03333400
0.99862580
0.99360050
0.99074430
0.99840860
0.99563630
0.99875650
2
0.00000000
2.03333400
1.00000000
1.00000000
2
0.00000000
2.03333400
1.00000000
1.00000000
2
0.00000000
2.03333400
1.00000000
1.00000000
J_R_Skirt_00
2
0.00000000
2.03333300
-0.06847220
-0.06847220
2
0.00000000
2.03333300
0.07501754
0.07501754
2
0.00000000
2.03333300
-0.05734446
-0.05734446
9
0.00000000
0.10000000
0.46666670
0.70000000
0.86666670
1.03333300
1.20000000
1.66666700
2.03333400
-0.01197333
-0.05898960
-0.12065210
-0.01724598
-0.04214200
-0.21244080
-0.29339900
-0.11583080
0.00749945
9
0.00000000
0.10000000
0.46666670
0.70000000
0.86666670
1.03333300
1.20000000
1.66666700
2.03333400
0.99876710
0.99736640
0.99179760
0.99896050
0.99822020
0.97626250
0.95505840
0.99237230
0.99908120
9
0.00000000
0.10000000
0.46666670
0.70000000
0.86666670
1.03333300
1.20000000
1.66666700
2.03333400
0.00050568
0.00249135
0.00509566
0.00072843
0.00177986
0.00897222
0.01239140
0.00489197
-0.00031676
9
0.00000000
0.10000000
0.46666670
0.70000000
0.86666670
1.03333300
1.20000000
1.66666700
2.03333400
-0.04218167
-0.04212246
-0.04188726
-0.04218980
-0.04215857
-0.04123124
-0.04033564
-0.04191156
-0.04219496
2
0.00000000
2.03333400
1.00000000
1.00000000
2
0.00000000
2.03333400
1.00000000
1.00000000
2
0.00000000
2.03333400
1.00000000
1.00000000
J_R_Skirt_01
2
0.00000000
2.03333300
-0.14191030
-0.14191030
2
0.00000000
2.03333300
0.00000000
0.00000000
2
0.00000000
2.03333300
0.00000000
0.00000000
9
0.00000000
0.26666670
0.56666670
0.83333340
1.00000000
1.16666700
1.43333300
1.86666700
2.03333400
-0.00206375
0.00057664
0.00116675
-0.00128285
0.00411597
0.00812814
0.00594464
-0.00105175
-0.00221056
9
0.00000000
0.26666670
0.56666670
0.83333340
1.00000000
1.16666700
1.43333300
1.86666700
2.03333400
-0.03395748
-0.03401594
-0.03400082
-0.03399664
-0.03377093
-0.03303559
-0.03349744
-0.03400457
-0.03394894
9
0.00000000
0.26666670
0.56666670
0.83333340
1.00000000
1.16666700
1.43333300
1.86666700
2.03333400
0.01640102
-0.06116526
-0.07846402
-0.00656792
-0.16471830
-0.28151080
-0.21803040
-0.01336055
0.02072057
9
0.00000000
0.26666670
0.56666670
0.83333340
1.00000000
1.16666700
1.43333300
1.86666700
2.03333400
0.99926600
0.99754770
0.99633630
0.99939950
0.98575380
0.95895480
0.97534880
0.99933180
0.99920630
2
0.00000000
2.03333400
1.00000000
1.00000000
2
0.00000000
2.03333400
1.00000000
1.00000000
2
0.00000000
2.03333400
1.00000000
1.00000000
J_R_SusoFront_00
2
0.00000000
2.03333300
0.00000000
0.00000000
2
0.00000000
2.03333300
0.00000000
0.00000000
2
0.00000000
2.03333300
0.00000000
0.00000000
7
0.00000000
0.26666670
0.56666670
0.83333340
1.20000000
1.46666700
2.03333400
-0.00013376
-0.00065049
-0.00078973
-0.00031238
-0.00547594
-0.02396292
-0.00015587
7
0.00000000
0.26666670
0.56666670
0.83333340
1.20000000
1.46666700
2.03333400
0.00735627
0.00735393
0.00733816
0.00725631
0.00746223
0.06235040
0.00748336
7
0.00000000
0.26666670
0.56666670
0.83333340
1.20000000
1.46666700
2.03333400
-0.06359878
-0.14082260
-0.16398500
-0.07368761
-0.16140490
-0.13212970
-0.05908581
7
0.00000000
0.26666670
0.56666670
0.83333340
1.20000000
1.46666700
2.03333400
0.99792780
0.99000730
0.98643520
0.99725500
0.98684490
0.98897930
0.99822490
2
0.00000000
2.03333400
0.99999950
0.99999950
2
0.00000000
2.03333400
0.99999950
0.99999950
2
0.00000000
2.03333400
0.99999960
0.99999960
J_R_SkirtBack_00
2
0.00000000
2.03333300
-0.07197127
-0.07197127
2
0.00000000
2.03333300
-0.04127112
-0.04127112
2
0.00000000
2.03333300
-0.05366487
-0.05366487
9
0.00000000
0.13333330
0.46666670
0.70000000
0.86666670
1.03333300
1.20000000
1.66666700
2.03333400
0.00495363
0.00280604
-0.00109320
0.00417726
0.00298615
-0.00590396
-0.01018586
-0.00084175
0.00554896
9
0.00000000
0.13333330
0.46666670
0.70000000
0.86666670
1.03333300
1.20000000
1.66666700
2.03333400
0.05151123
0.05167289
0.05173748
0.05158015
0.05166279
0.05141114
0.05073667
0.05174217
0.05145066
9
0.00000000
0.13333330
0.46666670
0.70000000
0.86666670
1.03333300
1.20000000
1.66666700
2.03333400
-0.15132820
-0.19227070
-0.26552270
-0.16617890
-0.18885350
-0.35397560
-0.43088540
-0.26084100
-0.13990420
9
0.00000000
0.13333330
0.46666670
0.70000000
0.86666670
1.03333300
1.20000000
1.66666700
2.03333400
0.98712500
0.97997650
0.96271480
0.98473680
0.98064080
0.93382190
0.90092160
0.96399380
0.98881190
2
0.00000000
2.03333400
1.00000000
1.00000000
2
0.00000000
2.03333400
1.00000000
1.00000000
2
0.00000000
2.03333400
1.00000000
1.00000000
J_R_SkirtBack_01
2
0.00000000
2.03333300
0.14993040
0.14993040
2
0.00000000
2.03333300
0.00000000
0.00000000
2
0.00000000
2.03333300
-0.00000001
-0.00000001
8
0.00000000
0.30000000
0.56666670
0.83333340
1.03333300
1.20000000
1.66666700
2.03333400
0.00561935
0.01078276
0.01233975
0.01037713
0.01988807
0.02346909
0.01262546
0.00537004
8
0.00000000
0.30000000
0.56666670
0.83333340
1.03333300
1.20000000
1.66666700
2.03333400
-0.06116331
-0.06046928
-0.06017086
-0.06054021
-0.05811426
-0.05676270
-0.06011156
-0.06118795
8
0.00000000
0.30000000
0.56666670
0.83333340
1.03333300
1.20000000
1.66666700
2.03333400
0.11791900
0.03350729
0.00775168
0.04019417
-0.11917900
-0.18067010
0.00301004
0.12196470
8
0.00000000
0.30000000
0.56666670
0.83333340
1.03333300
1.20000000
1.66666700
2.03333400
0.99108520
0.99754920
0.99808170
0.99730220
0.99097100
0.98162390
0.99810730
0.99063210
2
0.00000000
2.03333400
1.00000000
1.00000000
2
0.00000000
2.03333400
1.00000000
1.00000000
2
0.00000000
2.03333400
1.00000000
1.00000000
J_R_SusoBack_00
2
0.00000000
2.03333300
0.00000000
0.00000000
2
0.00000000
2.03333300
0.00000000
0.00000000
2
0.00000000
2.03333300
0.00000000
0.00000000
6
0.00000000
0.26666670
0.56666670
0.83333340
1.20000000
2.03333400
0.00309801
-0.00038572
-0.00149209
0.00274505
0.00059990
0.00330349
6
0.00000000
0.26666670
0.56666670
0.83333340
1.20000000
2.03333400
0.04478894
0.04489523
0.04487209
0.04481289
0.04489288
0.04477518
6
0.00000000
0.26666670
0.56666670
0.83333340
1.20000000
2.03333400
-0.02625619
-0.10364520
-0.12810200
-0.03412494
-0.08180900
-0.02167574
6
0.00000000
0.26666670
0.56666670
0.83333340
1.20000000
2.03333400
0.99862580
0.99360050
0.99074430
0.99840860
0.99563630
0.99875650
2
0.00000000
2.03333400
1.00000000
1.00000000
2
0.00000000
2.03333400
1.00000000
1.00000000
2
0.00000000
2.03333400
1.00000000
1.00000000
