111 MTH_DEF
1
0.00000000
1.28945800
1
0.00000000
-0.16327990
1
0.00000000
-0.01346737
1
0.00000000
-0.47192220
1
0.00000000
0.54678040
1
0.00000000
0.45703630
1
0.00000000
0.51907460
1
0.00000000
1.00000100
1
0.00000000
1.00000100
1
0.00000000
1.00000100
EYE_DEF
1
0.00000000
1.28945800
1
0.00000000
-0.16327990
1
0.00000000
-0.01346737
1
0.00000000
-0.47192220
1
0.00000000
0.54678040
1
0.00000000
0.45703630
1
0.00000000
0.51907460
1
0.00000000
1.00000100
1
0.00000000
1.00000100
1
0.00000000
1.00000100
EL_DEF
1
0.00000000
0.00000000
1
0.00000000
0.00000000
1
0.00000000
0.00000000
1
0.00000000
0.00000000
1
0.00000000
0.00000000
1
0.00000000
0.00000000
1
0.00000000
1.00000000
1
0.00000000
1.00000000
1
0.00000000
1.00000000
1
0.00000000
1.00000000
BLW_DEF
1
0.00000000
1.28945800
1
0.00000000
-0.16327990
1
0.00000000
-0.01346737
1
0.00000000
-0.47192220
1
0.00000000
0.54678040
1
0.00000000
0.45703630
1
0.00000000
0.51907460
1
0.00000000
1.00000100
1
0.00000000
1.00000100
1
0.00000000
1.00000100
Character1_Hips
25
0.00000000
0.03333334
0.06666666
0.10000000
0.13333330
0.16666670
0.20000000
0.23333330
0.26666670
0.30000000
0.33333330
0.36666670
0.40000000
0.43333330
0.46666670
0.50000000
0.53333330
0.56666670
0.60000000
0.63333330
0.66666660
0.70000000
0.73333330
0.76666670
0.80000000
0.00396297
0.00305248
0.00183158
0.00043896
-0.00097101
-0.00208085
-0.00309023
-0.00400095
-0.00480457
-0.00551077
-0.00621179
-0.00664639
-0.00656032
-0.00567459
-0.00429637
-0.00243446
-0.00055606
0.00060671
0.00100663
0.00129035
0.00196197
0.00267302
0.00340156
0.00405076
0.00440375
25
0.00000000
0.03333334
0.06666666
0.10000000
0.13333330
0.16666670
0.20000000
0.23333330
0.26666670
0.30000000
0.33333330
0.36666670
0.40000000
0.43333330
0.46666670
0.50000000
0.53333330
0.56666670
0.60000000
0.63333330
0.66666660
0.70000000
0.73333330
0.76666670
0.80000000
0.82916280
0.83198000
0.84187550
0.85655200
0.86638270
0.86600850
0.86423530
0.85059670
0.83297560
0.83055470
0.82904870
0.82865860
0.82871660
0.83029510
0.83539210
0.84975360
0.86323400
0.86638480
0.86628120
0.86570720
0.85643930
0.84297760
0.83339280
0.82974200
0.82864640
25
0.00000000
0.03333334
0.06666666
0.10000000
0.13333330
0.16666670
0.20000000
0.23333330
0.26666670
0.30000000
0.33333330
0.36666670
0.40000000
0.43333330
0.46666670
0.50000000
0.53333330
0.56666670
0.60000000
0.63333330
0.66666660
0.70000000
0.73333330
0.76666670
0.80000000
-0.00199968
0.00563551
0.01172695
0.01490851
0.01625738
0.01420362
0.01061660
0.00673770
0.00299018
-0.00083391
-0.00471536
-0.00668401
-0.00525774
0.00177265
0.00926285
0.01324065
0.01578135
0.01622934
0.01565553
0.01345625
0.00985355
0.00561440
0.00067654
-0.00413631
-0.00691181
2
0.00000000
0.80000000
0.54886720
0.54886680
2
0.00000000
0.80000000
-0.46453950
-0.46453940
2
0.00000000
0.80000000
-0.53228260
-0.53228280
2
0.00000000
0.80000000
0.44679200
0.44679230
2
0.00000000
0.80000000
0.99999940
0.99999940
2
0.00000000
0.80000000
0.99999930
0.99999930
2
0.00000000
0.80000000
0.99999960
0.99999960
Character1_LeftUpLeg
1
0.00000000
0.06031916
1
0.00000000
0.00207883
1
0.00000000
0.07298301
20
0.00000000
0.03333334
0.06666668
0.10000000
0.13333330
0.16666670
0.20000000
0.23333330
0.26666670
0.30000000
0.40000000
0.46666670
0.50000000
0.53333340
0.56666670
0.63333330
0.70000000
0.73333330
0.76666670
0.80000000
-0.36143720
-0.40743840
-0.46971540
-0.53990770
-0.55187120
-0.48728470
-0.37894770
-0.28991160
-0.29784690
-0.30924380
-0.21208390
-0.04686998
0.04072945
0.13474170
0.16026340
0.04226527
-0.11762300
-0.21423120
-0.29947000
-0.30373140
20
0.00000000
0.03333334
0.06666668
0.10000000
0.13333330
0.16666670
0.20000000
0.23333330
0.26666670
0.30000000
0.40000000
0.46666670
0.50000000
0.53333340
0.56666670
0.63333330
0.70000000
0.73333330
0.76666670
0.80000000
0.92634980
0.90724640
0.87675360
0.83531780
0.82742800
0.86704590
0.91979740
0.95150410
0.94850680
0.94426490
0.97032920
0.99162980
0.99243450
0.98482440
0.98048220
0.99185720
0.98597930
0.96977990
0.94767020
0.94685630
20
0.00000000
0.03333334
0.06666668
0.10000000
0.13333330
0.16666670
0.20000000
0.23333330
0.26666670
0.30000000
0.40000000
0.46666670
0.50000000
0.53333340
0.56666670
0.63333330
0.70000000
0.73333330
0.76666670
0.80000000
-0.09871770
-0.09442657
-0.09453569
-0.09885772
-0.10229810
-0.10351650
-0.10183950
-0.10291140
-0.10719420
-0.11091080
-0.10952450
-0.11346090
-0.10888280
-0.10238150
-0.10403960
-0.10294970
-0.08774418
-0.08689968
-0.09524630
-0.10036630
20
0.00000000
0.03333334
0.06666668
0.10000000
0.13333330
0.16666670
0.20000000
0.23333330
0.26666670
0.30000000
0.40000000
0.46666670
0.50000000
0.53333340
0.56666670
0.63333330
0.70000000
0.73333330
0.76666670
0.80000000
-0.03865284
-0.04451576
-0.04163590
-0.03116313
-0.01833466
-0.00833158
0.00017425
0.00075881
-0.01146834
-0.02075917
-0.03854898
-0.04000339
-0.03948979
-0.03851681
-0.04632674
-0.06192178
-0.07944027
-0.07797641
-0.05627693
-0.03372056
2
0.00000000
0.80000000
1.00000000
1.00000000
2
0.00000000
0.80000000
1.00000000
1.00000000
2
0.00000000
0.80000000
1.00000000
1.00000000
Character1_LeftLeg
1
0.00000000
-0.35179780
1
0.00000000
-0.00801095
1
0.00000000
0.00514626
23
0.00000000
0.03333334
0.06666668
0.10000000
0.13333330
0.16666670
0.20000000
0.23333330
0.26666670
0.30000000
0.33333330
0.40000000
0.46666670
0.50000000
0.53333340
0.56666670
0.60000000
0.63333330
0.66666670
0.70000000
0.73333330
0.76666670
0.80000000
-0.04737885
-0.04273472
-0.03992696
-0.04086245
-0.04319574
-0.04427789
-0.04355957
-0.04430731
-0.04984846
-0.05400197
-0.05515209
-0.05855607
-0.06974778
-0.07398108
-0.08081704
-0.09346998
-0.10812780
-0.10328750
-0.09095064
-0.07875314
-0.06706061
-0.05746814
-0.04930516
23
0.00000000
0.03333334
0.06666668
0.10000000
0.13333330
0.16666670
0.20000000
0.23333330
0.26666670
0.30000000
0.33333330
0.40000000
0.46666670
0.50000000
0.53333340
0.56666670
0.60000000
0.63333330
0.66666670
0.70000000
0.73333330
0.76666670
0.80000000
-0.02426526
-0.02838301
-0.02466504
-0.01461942
-0.00851086
-0.00716548
0.00048309
0.00550855
0.00030227
-0.00554110
-0.01031701
-0.01542095
-0.01033234
-0.00764327
-0.00517085
-0.01208001
-0.02320328
-0.03114597
-0.04699432
-0.05736537
-0.05621395
-0.03738476
-0.02282100
23
0.00000000
0.03333334
0.06666668
0.10000000
0.13333330
0.16666670
0.20000000
0.23333330
0.26666670
0.30000000
0.33333330
0.40000000
0.46666670
0.50000000
0.53333340
0.56666670
0.60000000
0.63333330
0.66666670
0.70000000
0.73333330
0.76666670
0.80000000
0.65842240
0.72479890
0.73144380
0.67532070
0.51876120
0.29432200
0.10316810
0.03004173
0.16952380
0.27013390
0.31526340
0.33170100
0.23866000
0.18697970
0.12721960
0.17901640
0.32068180
0.46861760
0.60566550
0.70467390
0.75704080
0.70783880
0.55741240
23
0.00000000
0.03333334
0.06666668
0.10000000
0.13333330
0.16666670
0.20000000
0.23333330
0.26666670
0.30000000
0.33333330
0.40000000
0.46666670
0.50000000
0.53333340
0.56666670
0.60000000
0.63333330
0.66666670
0.70000000
0.73333330
0.76666670
0.80000000
0.75076400
0.68704780
0.68028490
0.73624620
0.85378480
0.95465310
0.99370960
0.99855100
0.98426460
0.96129120
0.94734410
0.94143930
0.96854010
0.97954430
0.98856320
0.97932150
0.94070890
0.87678920
0.78910630
0.70281000
0.64748140
0.70303920
0.82845620
2
0.00000000
0.80000000
0.99999950
0.99999950
2
0.00000000
0.80000000
0.99999950
0.99999950
2
0.00000000
0.80000000
0.99999940
0.99999940
Character1_LeftFoot
1
0.00000000
-0.37866630
1
0.00000000
0.00382815
1
0.00000000
-0.00377702
20
0.00000000
0.06666668
0.10000000
0.13333330
0.16666670
0.20000000
0.23333330
0.26666670
0.33333330
0.40000000
0.43333340
0.46666670
0.50000000
0.53333340
0.56666670
0.63333330
0.70000000
0.73333330
0.76666670
0.80000000
-0.00650335
-0.00802746
-0.00673527
-0.00519917
-0.00381998
-0.00211177
-0.00019663
0.00138934
0.00142772
0.00283557
0.00436133
0.00533762
0.00553196
0.00692895
0.00237719
-0.00092720
-0.00755189
-0.00903170
-0.00621958
-0.00462163
20
0.00000000
0.06666668
0.10000000
0.13333330
0.16666670
0.20000000
0.23333330
0.26666670
0.33333330
0.40000000
0.43333340
0.46666670
0.50000000
0.53333340
0.56666670
0.63333330
0.70000000
0.73333330
0.76666670
0.80000000
0.02200945
0.02453208
0.02284048
0.02107709
0.01723730
0.00830858
-0.00073548
-0.00184780
-0.00075017
-0.00513410
-0.00949195
-0.01543677
-0.02108559
-0.02813175
-0.02690157
-0.00754194
0.02083525
0.02559490
0.02094311
0.01857302
20
0.00000000
0.06666668
0.10000000
0.13333330
0.16666670
0.20000000
0.23333330
0.26666670
0.33333330
0.40000000
0.43333340
0.46666670
0.50000000
0.53333340
0.56666670
0.63333330
0.70000000
0.73333330
0.76666670
0.80000000
-0.20517030
-0.08352435
-0.16995760
-0.29502430
-0.33138810
-0.24591190
-0.20391560
-0.27400460
-0.37584800
-0.42172510
-0.42331580
-0.38068930
-0.26335380
-0.10691610
-0.00450176
0.02044026
-0.04493637
-0.07389709
-0.17685390
-0.28698780
20
0.00000000
0.06666668
0.10000000
0.13333330
0.16666670
0.20000000
0.23333330
0.26666670
0.33333330
0.40000000
0.43333340
0.46666670
0.50000000
0.53333340
0.56666670
0.63333330
0.70000000
0.73333330
0.76666670
0.80000000
0.97845720
0.99617140
0.98516360
0.95524310
0.94332930
0.96925430
0.97898820
0.96172570
0.92667990
0.90670480
0.90592200
0.92455880
0.96445300
0.99384590
0.99962510
0.99976220
0.99874400
0.99689640
0.98399460
0.95774300
2
0.00000000
0.80000000
0.99999990
0.99999990
2
0.00000000
0.80000000
0.99999960
0.99999960
2
0.00000000
0.80000000
1.00000000
1.00000000
Character1_LeftToeBase
1
0.00000000
-0.08429568
1
0.00000000
0.04771042
1
0.00000000
-0.00392169
2
0.00000000
0.80000000
-0.02381142
-0.02381142
2
0.00000000
0.80000000
0.01439191
0.01439191
2
0.00000000
0.80000000
-0.51871630
-0.51871630
2
0.00000000
0.80000000
0.85449360
0.85449360
2
0.00000000
0.80000000
1.00000000
1.00000000
2
0.00000000
0.80000000
0.99999980
0.99999980
2
0.00000000
0.80000000
1.00000000
1.00000000
Character1_RightUpLeg
1
0.00000000
0.06083579
1
0.00000000
0.00207879
1
0.00000000
-0.07255261
19
0.00000000
0.10000000
0.13333330
0.16666670
0.20000000
0.23333330
0.26666670
0.30000000
0.33333330
0.40000000
0.46666670
0.50000000
0.53333340
0.56666670
0.60000000
0.63333330
0.66666670
0.70000000
0.80000000
-0.19401720
0.02701348
0.12221080
0.10589950
0.02860105
-0.01942719
-0.03863545
-0.11668890
-0.22546560
-0.37070150
-0.51400120
-0.57425810
-0.56987700
-0.48822850
-0.31933020
-0.26448470
-0.22659120
-0.26670630
-0.23637240
19
0.00000000
0.10000000
0.13333330
0.16666670
0.20000000
0.23333330
0.26666670
0.30000000
0.33333330
0.40000000
0.46666670
0.50000000
0.53333340
0.56666670
0.60000000
0.63333330
0.66666670
0.70000000
0.80000000
0.98065750
0.99931510
0.99214850
0.99389590
0.99896130
0.99915710
0.99856210
0.99257250
0.97379390
0.92832340
0.85712340
0.81801920
0.82118280
0.87229980
0.94739400
0.96419700
0.97383300
0.96359870
0.97131630
19
0.00000000
0.10000000
0.13333330
0.16666670
0.20000000
0.23333330
0.26666670
0.30000000
0.33333330
0.40000000
0.46666670
0.50000000
0.53333340
0.56666670
0.60000000
0.63333330
0.66666670
0.70000000
0.80000000
-0.00458554
0.00163521
0.00687733
0.00887724
0.00501147
0.00150830
-0.00280951
-0.00936022
-0.01750768
-0.02547510
-0.03379524
-0.03246586
-0.02738087
-0.02446099
-0.02146917
-0.01907944
-0.01713929
-0.01820641
-0.01216228
19
0.00000000
0.10000000
0.13333330
0.16666670
0.20000000
0.23333330
0.26666670
0.30000000
0.33333330
0.40000000
0.46666670
0.50000000
0.53333340
0.56666670
0.60000000
0.63333330
0.66666670
0.70000000
0.80000000
0.02544255
0.02523845
0.02566158
0.02962205
0.03511729
0.03613190
0.03705673
0.03310513
0.02416943
0.01212387
0.00029884
0.00425459
0.01222233
0.01129777
0.00346996
0.00284816
0.00346741
0.00371701
0.02290754
2
0.00000000
0.80000000
1.00000000
1.00000000
2
0.00000000
0.80000000
1.00000000
1.00000000
2
0.00000000
0.80000000
1.00000000
1.00000000
Character1_RightLeg
1
0.00000000
-0.35136370
1
0.00000000
-0.00801128
1
0.00000000
-0.01823371
22
0.00000000
0.06666668
0.10000000
0.13333330
0.16666670
0.20000000
0.23333330
0.26666670
0.33333330
0.36666670
0.40000000
0.43333340
0.46666670
0.50000000
0.53333340
0.56666670
0.60000000
0.63333330
0.66666670
0.70000000
0.76666670
0.80000000
-0.03089572
-0.00990435
0.00567001
0.02397502
0.04404552
0.05476254
0.05781273
0.05059736
0.02264488
0.01581062
0.00848754
-0.00172876
-0.01095443
-0.01749249
-0.03033939
-0.04267889
-0.04042147
-0.03983084
-0.03891772
-0.04011248
-0.04442054
-0.04597796
22
0.00000000
0.06666668
0.10000000
0.13333330
0.16666670
0.20000000
0.23333330
0.26666670
0.33333330
0.36666670
0.40000000
0.43333340
0.46666670
0.50000000
0.53333340
0.56666670
0.60000000
0.63333330
0.66666670
0.70000000
0.76666670
0.80000000
-0.01254363
-0.00654001
-0.00709950
-0.00783542
0.00117935
0.02038484
0.02964488
0.03217422
0.02112316
0.01276197
0.00603859
0.00131029
-0.00311838
-0.00617499
-0.00078736
-0.00145083
-0.00567979
-0.00672969
-0.00703703
-0.01281503
-0.01711814
-0.01839677
22
0.00000000
0.06666668
0.10000000
0.13333330
0.16666670
0.20000000
0.23333330
0.26666670
0.33333330
0.36666670
0.40000000
0.43333340
0.46666670
0.50000000
0.53333340
0.56666670
0.60000000
0.63333330
0.66666670
0.70000000
0.76666670
0.80000000
0.34117710
0.28977890
0.21621460
0.12878380
0.22891890
0.43256280
0.58141650
0.64481920
0.65344050
0.62625990
0.65984090
0.75922630
0.81822620
0.77271530
0.62937780
0.38563490
0.04022529
0.05208027
0.04618334
0.18625750
0.32205520
0.33410150
22
0.00000000
0.06666668
0.10000000
0.13333330
0.16666670
0.20000000
0.23333330
0.26666670
0.33333330
0.36666670
0.40000000
0.43333340
0.46666670
0.50000000
0.53333340
0.56666670
0.60000000
0.63333330
0.66666670
0.70000000
0.76666670
0.80000000
0.93940740
0.95702000
0.97630360
0.99135190
0.97244780
0.89970830
0.81100780
0.76197960
0.75634420
0.77934950
0.75133310
0.65082320
0.57478360
0.63448160
0.77650660
0.92166270
0.99835660
0.99782560
0.99814980
0.98159810
0.94552330
0.94123520
2
0.00000000
0.80000000
1.00000000
1.00000000
2
0.00000000
0.80000000
1.00000000
1.00000000
2
0.00000000
0.80000000
1.00000000
1.00000000
Character1_RightFoot
1
0.00000000
-0.37854540
1
0.00000000
0.00382444
1
0.00000000
-0.01031455
19
0.00000000
0.06666668
0.10000000
0.13333330
0.16666670
0.23333330
0.26666670
0.33333330
0.36666670
0.40000000
0.43333340
0.46666670
0.50000000
0.56666670
0.60000000
0.63333330
0.66666670
0.70000000
0.80000000
-0.00939314
-0.01660221
-0.02202027
-0.02789414
-0.03124203
-0.02690663
-0.02345323
-0.02094386
-0.02098381
-0.01822001
-0.01485651
-0.01030751
-0.00669225
-0.00053329
-0.00127571
-0.00103605
-0.00120069
-0.00212475
-0.00749312
19
0.00000000
0.06666668
0.10000000
0.13333330
0.16666670
0.23333330
0.26666670
0.33333330
0.36666670
0.40000000
0.43333340
0.46666670
0.50000000
0.56666670
0.60000000
0.63333330
0.66666670
0.70000000
0.80000000
0.04533687
0.05065028
0.05586869
0.06326788
0.06819764
0.05395108
0.04186064
0.03021116
0.02688393
0.02591346
0.02320116
0.02006430
0.01721530
0.00168305
-0.00477845
0.00038628
0.00387910
0.01282314
0.04519977
19
0.00000000
0.06666668
0.10000000
0.13333330
0.16666670
0.23333330
0.26666670
0.33333330
0.36666670
0.40000000
0.43333340
0.46666670
0.50000000
0.56666670
0.60000000
0.63333330
0.66666670
0.70000000
0.80000000
-0.34499130
-0.14843400
-0.00752522
0.14411950
0.20474380
0.20619750
0.18414700
0.21170470
0.22423840
0.17117440
0.04194931
-0.08748912
-0.17007060
-0.27412380
-0.17392240
-0.23211050
-0.24647070
-0.32091590
-0.41098030
19
0.00000000
0.06666668
0.10000000
0.13333330
0.16666670
0.23333330
0.26666670
0.33333330
0.36666670
0.40000000
0.43333340
0.46666670
0.50000000
0.56666670
0.60000000
0.63333330
0.66666670
0.70000000
0.80000000
0.93746330
0.98748480
0.99816690
0.98714170
0.97593700
0.97665140
0.98172680
0.97664210
0.97393750
0.98473140
0.99873980
0.99591000
0.98525880
0.96169280
0.98474700
0.97268880
0.96914170
0.94701850
0.91049220
2
0.00000000
0.80000000
0.99999970
0.99999970
2
0.00000000
0.80000000
0.99999950
0.99999950
2
0.00000000
0.80000000
0.99999980
0.99999980
Character1_RightToeBase
1
0.00000000
-0.08439235
1
0.00000000
0.04766033
1
0.00000000
0.00202567
2
0.00000000
0.80000000
-0.00003086
-0.00003086
2
0.00000000
0.80000000
-0.00005088
-0.00005088
2
0.00000000
0.80000000
-0.51891710
-0.51891710
2
0.00000000
0.80000000
0.85482460
0.85482460
2
0.00000000
0.80000000
1.00000000
1.00000000
2
0.00000000
0.80000000
0.99999980
0.99999980
2
0.00000000
0.80000000
0.99999990
0.99999990
Character1_Spine
1
0.00000000
-0.02271334
1
0.00000000
0.00818150
1
0.00000000
-0.00008070
6
0.00000000
0.03333334
0.20000000
0.43333340
0.70000000
0.80000000
0.01911496
0.01697955
0.01697886
0.01700842
0.01698536
0.01701514
6
0.00000000
0.03333334
0.20000000
0.43333340
0.70000000
0.80000000
0.00127873
0.00106737
0.00140451
0.00091991
0.00122683
0.00086185
6
0.00000000
0.03333334
0.20000000
0.43333340
0.70000000
0.80000000
-0.00558915
-0.01279889
-0.04184916
-0.01324339
-0.03142964
-0.00979158
6
0.00000000
0.03333334
0.20000000
0.43333340
0.70000000
0.80000000
0.99990430
0.99977340
0.99897870
0.99976720
0.99936090
0.99980690
2
0.00000000
0.80000000
1.00000000
1.00000000
2
0.00000000
0.80000000
1.00000000
1.00000000
2
0.00000000
0.80000000
1.00000000
1.00000000
Character1_Spine1
1
0.00000000
-0.09134354
1
0.00000000
0.00175515
1
0.00000000
-0.00000001
5
0.00000000
0.23333330
0.46666670
0.70000000
0.80000000
-0.01218082
-0.01223289
-0.01219313
-0.01222080
-0.01217674
5
0.00000000
0.23333330
0.46666670
0.70000000
0.80000000
-0.00283642
-0.00259441
-0.00277470
-0.00264730
-0.00286001
5
0.00000000
0.23333330
0.46666670
0.70000000
0.80000000
-0.04488704
-0.02510628
-0.03983929
-0.02947102
-0.04677831
5
0.00000000
0.23333330
0.46666670
0.70000000
0.80000000
0.99891380
0.99960650
0.99912790
0.99948750
0.99882700
2
0.00000000
0.80000000
1.00000000
1.00000000
2
0.00000000
0.80000000
1.00000000
1.00000000
2
0.00000000
0.80000000
1.00000000
1.00000000
Character1_Spine2
1
0.00000000
-0.08766678
1
0.00000000
-0.00030447
1
0.00000000
-0.00000002
5
0.00000000
0.20000000
0.43333340
0.70000000
0.80000000
-0.02563352
0.01222919
-0.04035485
-0.06154006
-0.02860621
5
0.00000000
0.20000000
0.43333340
0.70000000
0.80000000
0.00249716
0.02101662
-0.00244774
-0.00572165
0.00083156
5
0.00000000
0.20000000
0.43333340
0.70000000
0.80000000
-0.00195066
-0.00453218
0.00420427
-0.00075252
0.00528606
5
0.00000000
0.20000000
0.43333340
0.70000000
0.80000000
0.99966640
0.99969400
0.99917360
0.99808790
0.99957640
2
0.00000000
0.80000000
0.99999970
0.99999970
2
0.00000000
0.80000000
0.99999970
0.99999970
2
0.00000000
0.80000000
1.00000000
1.00000000
Character1_LeftShoulder
1
0.00000000
-0.12236680
1
0.00000000
-0.00139498
1
0.00000000
0.04222679
3
0.00000000
0.20000000
0.80000000
0.16213300
0.15423050
0.16272040
3
0.00000000
0.20000000
0.80000000
0.70279010
0.66631230
0.70550540
3
0.00000000
0.20000000
0.80000000
-0.06118117
-0.06495568
-0.06088533
3
0.00000000
0.20000000
0.80000000
0.68996810
0.72665100
0.68707870
2
0.00000000
0.80000000
0.99999990
0.99999990
2
0.00000000
0.80000000
1.00000000
1.00000000
2
0.00000000
0.80000000
1.00000000
1.00000000
Character1_LeftArm
1
0.00000000
-0.05543689
1
0.00000000
-0.00000005
1
0.00000000
0.00000092
10
0.00000000
0.10000000
0.20000000
0.30000000
0.40000000
0.46666670
0.60000000
0.70000000
0.76666670
0.80000000
0.12990180
0.05749805
0.02541952
0.03478699
0.02669481
0.01381202
0.03497571
0.07341216
0.12939240
0.14037860
10
0.00000000
0.10000000
0.20000000
0.30000000
0.40000000
0.46666670
0.60000000
0.70000000
0.76666670
0.80000000
0.53676220
0.53970030
0.53934140
0.53595110
0.53015430
0.47336840
0.36544020
0.46352200
0.52859320
0.53798120
10
0.00000000
0.10000000
0.20000000
0.30000000
0.40000000
0.46666670
0.60000000
0.70000000
0.76666670
0.80000000
-0.01106523
0.13018980
0.16722370
0.00967212
-0.18440530
-0.31313230
-0.46349940
-0.27852940
-0.10982650
-0.05494186
10
0.00000000
0.10000000
0.20000000
0.30000000
0.40000000
0.46666670
0.60000000
0.70000000
0.76666670
0.80000000
0.83360030
0.82973980
0.82492480
0.84347660
0.82717500
0.82321310
0.80647290
0.83796140
0.83173610
0.82936810
2
0.00000000
0.80000000
0.99999970
0.99999970
2
0.00000000
0.80000000
0.99999990
0.99999990
2
0.00000000
0.80000000
0.99999980
0.99999980
Character1_LeftForeArm
1
0.00000000
-0.23377720
1
0.00000000
0.00001719
1
0.00000000
0.00001175
12
0.00000000
0.03333334
0.06666668
0.10000000
0.16666670
0.23333330
0.30000000
0.36666670
0.46666670
0.63333330
0.73333330
0.80000000
-0.10646140
-0.11665130
-0.07832625
-0.07078961
-0.06186630
-0.06682786
-0.09200312
-0.12903940
-0.18497010
-0.21926000
-0.14168380
-0.11358600
12
0.00000000
0.03333334
0.06666668
0.10000000
0.16666670
0.23333330
0.30000000
0.36666670
0.46666670
0.63333330
0.73333330
0.80000000
0.00921939
-0.00321021
0.01981794
0.01703140
0.00978693
0.02285797
0.04619875
0.04257309
-0.02590275
-0.10462980
-0.02720241
0.00320860
12
0.00000000
0.03333334
0.06666668
0.10000000
0.16666670
0.23333330
0.30000000
0.36666670
0.46666670
0.63333330
0.73333330
0.80000000
-0.73159770
-0.65188360
-0.52209410
-0.37022890
-0.16981690
-0.24114840
-0.42829020
-0.59192070
-0.69288930
-0.75048430
-0.76829400
-0.76915170
12
0.00000000
0.03333334
0.06666668
0.10000000
0.16666670
0.23333330
0.30000000
0.36666670
0.46666670
0.63333330
0.73333330
0.80000000
0.67330960
0.74928630
0.84905240
0.92608280
0.98348310
0.96791480
0.89775760
0.79445970
0.69643350
0.61461440
0.62362660
0.62888280
2
0.00000000
0.80000000
1.00000000
1.00000000
2
0.00000000
0.80000000
0.99999990
0.99999990
2
0.00000000
0.80000000
1.00000000
1.00000000
Character1_LeftHand
1
0.00000000
-0.16248190
1
0.00000000
-0.00000064
1
0.00000000
0.00000025
8
0.00000000
0.13333330
0.16666670
0.23333330
0.36666670
0.53333340
0.63333330
0.80000000
0.03767335
-0.01486073
-0.03005038
-0.00695357
0.04973350
0.06074905
0.06032882
0.05009499
8
0.00000000
0.13333330
0.16666670
0.23333330
0.36666670
0.53333340
0.63333330
0.80000000
0.04676959
-0.04696696
-0.07377027
-0.05015981
0.00874475
0.06798200
0.08431819
0.06894530
8
0.00000000
0.13333330
0.16666670
0.23333330
0.36666670
0.53333340
0.63333330
0.80000000
-0.10300400
-0.26780160
-0.31341640
-0.29582980
-0.24565180
-0.18149790
-0.13967040
-0.06300729
8
0.00000000
0.13333330
0.16666670
0.23333330
0.36666670
0.53333340
0.63333330
0.80000000
0.99286630
0.96221390
0.94626900
0.95389750
0.96804200
0.97915610
0.98475530
0.99436770
2
0.00000000
0.80000000
1.00000000
1.00000000
2
0.00000000
0.80000000
1.00000000
1.00000000
2
0.00000000
0.80000000
1.00000000
1.00000000
Character1_LeftHandThumb1
1
0.00000000
-0.02476070
1
0.00000000
0.01826633
1
0.00000000
0.01423601
2
0.00000000
0.80000000
0.81820180
0.81820150
2
0.00000000
0.80000000
-0.15433420
-0.15433360
2
0.00000000
0.80000000
-0.28779540
-0.28779530
2
0.00000000
0.80000000
0.47318140
0.47318210
2
0.00000000
0.80000000
0.99999960
0.99999960
2
0.00000000
0.80000000
0.99999990
0.99999990
2
0.00000000
0.80000000
1.00000000
1.00000000
Character1_LeftHandThumb2
1
0.00000000
-0.03214544
1
0.00000000
0.00198593
1
0.00000000
0.00152295
2
0.00000000
0.80000000
-0.00077287
-0.00077250
2
0.00000000
0.80000000
0.16337190
0.16337280
2
0.00000000
0.80000000
-0.09088206
-0.09088113
2
0.00000000
0.80000000
0.98236930
0.98236930
2
0.00000000
0.80000000
0.99999990
0.99999990
2
0.00000000
0.80000000
1.00000000
1.00000000
2
0.00000000
0.80000000
0.99999980
0.99999980
Character1_LeftHandThumb3
1
0.00000000
-0.01756597
1
0.00000000
-0.00100338
1
0.00000000
0.00008474
2
0.00000000
0.80000000
-0.01560806
-0.01560746
2
0.00000000
0.80000000
0.21749210
0.21749150
2
0.00000000
0.80000000
-0.01221732
-0.01221781
2
0.00000000
0.80000000
0.97586080
0.97586100
2
0.00000000
0.80000000
0.99999990
0.99999990
2
0.00000000
0.80000000
1.00000000
1.00000000
2
0.00000000
0.80000000
1.00000000
1.00000000
Character1_LeftHandThumb4
1
0.00000000
-0.02630421
1
0.00000000
-0.00114385
1
0.00000000
-0.00057086
2
0.00000000
0.80000000
-0.02557532
-0.02557532
2
0.00000000
0.80000000
-0.01064174
-0.01064174
2
0.00000000
0.80000000
0.02615063
0.02615063
2
0.00000000
0.80000000
0.99927410
0.99927410
2
0.00000000
0.80000000
1.00000100
1.00000100
2
0.00000000
0.80000000
1.00000000
1.00000000
2
0.00000000
0.80000000
1.00000000
1.00000000
Character1_LeftHandIndex1
1
0.00000000
-0.08074935
1
0.00000000
0.02571336
1
0.00000000
-0.00142829
2
0.00000000
0.80000000
0.17928780
0.17928800
2
0.00000000
0.80000000
0.11765810
0.11765840
2
0.00000000
0.80000000
0.17525770
0.17525740
2
0.00000000
0.80000000
0.96088360
0.96088360
2
0.00000000
0.80000000
0.99999920
0.99999920
2
0.00000000
0.80000000
0.99999990
0.99999990
2
0.00000000
0.80000000
0.99999970
0.99999970
Character1_LeftHandIndex2
1
0.00000000
-0.02426037
1
0.00000000
0.00250706
1
0.00000000
-0.00118660
2
0.00000000
0.80000000
0.00667467
0.00667478
2
0.00000000
0.80000000
0.39674060
0.39674020
2
0.00000000
0.80000000
-0.00042868
-0.00042918
2
0.00000000
0.80000000
0.91790640
0.91790660
2
0.00000000
0.80000000
0.99999990
0.99999990
2
0.00000000
0.80000000
0.99999980
0.99999980
2
0.00000000
0.80000000
0.99999980
0.99999980
Character1_LeftHandIndex3
1
0.00000000
-0.01609668
1
0.00000000
0.00011821
1
0.00000000
-0.00045832
2
0.00000000
0.80000000
0.03006434
0.03006324
2
0.00000000
0.80000000
0.53820320
0.53820370
2
0.00000000
0.80000000
0.03332299
0.03332395
2
0.00000000
0.80000000
0.84161930
0.84161900
2
0.00000000
0.80000000
0.99999990
0.99999990
2
0.00000000
0.80000000
0.99999990
0.99999990
2
0.00000000
0.80000000
0.99999990
0.99999990
Character1_LeftHandIndex4
1
0.00000000
-0.02124970
1
0.00000000
0.00100698
1
0.00000000
0.00163699
2
0.00000000
0.80000000
-0.71534960
-0.71534960
2
0.00000000
0.80000000
-0.02409541
-0.02409541
2
0.00000000
0.80000000
0.02390490
0.02390490
2
0.00000000
0.80000000
0.69794190
0.69794190
2
0.00000000
0.80000000
1.00000000
1.00000000
2
0.00000000
0.80000000
0.99999950
0.99999950
2
0.00000000
0.80000000
0.99999950
0.99999950
Character1_LeftHandMiddle1
1
0.00000000
-0.08069598
1
0.00000000
0.00582164
1
0.00000000
-0.00602124
2
0.00000000
0.80000000
0.09069628
0.09069610
2
0.00000000
0.80000000
0.08381446
0.08381469
2
0.00000000
0.80000000
0.08720926
0.08720888
2
0.00000000
0.80000000
0.98850590
0.98850590
2
0.00000000
0.80000000
0.99999980
0.99999980
2
0.00000000
0.80000000
1.00000000
1.00000000
2
0.00000000
0.80000000
0.99999990
0.99999990
Character1_LeftHandMiddle2
1
0.00000000
-0.02506312
1
0.00000000
0.00148199
1
0.00000000
0.00379354
2
0.00000000
0.80000000
-0.01497192
-0.01497249
2
0.00000000
0.80000000
0.58708640
0.58708660
2
0.00000000
0.80000000
0.06528495
0.06528580
2
0.00000000
0.80000000
0.80674860
0.80674840
2
0.00000000
0.80000000
0.99999960
0.99999960
2
0.00000000
0.80000000
0.99999970
0.99999970
2
0.00000000
0.80000000
0.99999960
0.99999960
Character1_LeftHandMiddle3
1
0.00000000
-0.01943113
1
0.00000000
-0.00006784
1
0.00000000
0.00016170
2
0.00000000
0.80000000
-0.00338387
-0.00338274
2
0.00000000
0.80000000
0.68999350
0.68999370
2
0.00000000
0.80000000
0.17826710
0.17826840
2
0.00000000
0.80000000
0.70151160
0.70151090
2
0.00000000
0.80000000
0.99999960
0.99999960
2
0.00000000
0.80000000
0.99999980
0.99999980
2
0.00000000
0.80000000
0.99999980
0.99999980
Character1_LeftHandMiddle4
1
0.00000000
-0.02201366
1
0.00000000
0.00091102
1
0.00000000
0.00011726
2
0.00000000
0.80000000
-0.70595040
-0.70595040
2
0.00000000
0.80000000
0.03399268
0.03399268
2
0.00000000
0.80000000
0.00647478
0.00647478
2
0.00000000
0.80000000
0.70741550
0.70741550
2
0.00000000
0.80000000
1.00000000
1.00000000
2
0.00000000
0.80000000
0.99999970
0.99999970
2
0.00000000
0.80000000
0.99999960
0.99999960
Character1_LeftHandRing1
1
0.00000000
-0.07679258
1
0.00000000
-0.01262621
1
0.00000000
-0.00624610
2
0.00000000
0.80000000
-0.10424210
-0.10424240
2
0.00000000
0.80000000
0.34738650
0.34738670
2
0.00000000
0.80000000
0.06581487
0.06581493
2
0.00000000
0.80000000
0.92958310
0.92958300
2
0.00000000
0.80000000
0.99999960
0.99999960
2
0.00000000
0.80000000
1.00000000
1.00000000
2
0.00000000
0.80000000
0.99999970
0.99999970
Character1_LeftHandRing2
1
0.00000000
-0.02368266
1
0.00000000
-0.00075405
1
0.00000000
0.00109833
2
0.00000000
0.80000000
0.05328088
0.05328129
2
0.00000000
0.80000000
0.31258230
0.31258230
2
0.00000000
0.80000000
0.11128760
0.11128780
2
0.00000000
0.80000000
0.94184320
0.94184320
2
0.00000000
0.80000000
0.99999930
0.99999930
2
0.00000000
0.80000000
0.99999950
0.99999950
2
0.00000000
0.80000000
0.99999960
0.99999960
Character1_LeftHandRing3
1
0.00000000
-0.01590740
1
0.00000000
0.00016659
1
0.00000000
-0.00086092
2
0.00000000
0.80000000
-0.07731308
-0.07731203
2
0.00000000
0.80000000
0.76504090
0.76504080
2
0.00000000
0.80000000
0.35164670
0.35164660
2
0.00000000
0.80000000
0.53392850
0.53392890
2
0.00000000
0.80000000
0.99999970
0.99999970
2
0.00000000
0.80000000
0.99999960
0.99999960
2
0.00000000
0.80000000
0.99999960
0.99999960
Character1_LeftHandRing4
1
0.00000000
-0.02522655
1
0.00000000
-0.00011562
1
0.00000000
-0.00238417
2
0.00000000
0.80000000
0.00333163
0.00333163
2
0.00000000
0.80000000
-0.01695370
-0.01695370
2
0.00000000
0.80000000
-0.00262045
-0.00262045
2
0.00000000
0.80000000
0.99984730
0.99984730
2
0.00000000
0.80000000
1.00000000
1.00000000
2
0.00000000
0.80000000
1.00000000
1.00000000
2
0.00000000
0.80000000
1.00000000
1.00000000
Character1_LeftHandPinky1
1
0.00000000
-0.06575284
1
0.00000000
-0.02783560
1
0.00000000
-0.00228359
2
0.00000000
0.80000000
-0.21270780
-0.21270840
2
0.00000000
0.80000000
0.12020890
0.12020930
2
0.00000000
0.80000000
-0.00770681
-0.00770625
2
0.00000000
0.80000000
0.96966270
0.96966250
2
0.00000000
0.80000000
0.99999950
0.99999950
2
0.00000000
0.80000000
0.99999990
0.99999990
2
0.00000000
0.80000000
0.99999950
0.99999950
Character1_LeftHandPinky2
1
0.00000000
-0.01809678
1
0.00000000
0.00013280
1
0.00000000
-0.00001445
2
0.00000000
0.80000000
0.01212920
0.01212901
2
0.00000000
0.80000000
0.25026360
0.25026430
2
0.00000000
0.80000000
0.16384960
0.16384980
2
0.00000000
0.80000000
0.95413540
0.95413520
2
0.00000000
0.80000000
1.00000000
1.00000000
2
0.00000000
0.80000000
1.00000000
1.00000000
2
0.00000000
0.80000000
1.00000000
1.00000000
Character1_LeftHandPinky3
1
0.00000000
-0.01391071
1
0.00000000
0.00000276
1
0.00000000
0.00024778
2
0.00000000
0.80000000
-0.00982525
-0.00982481
2
0.00000000
0.80000000
0.67021440
0.67021470
2
0.00000000
0.80000000
0.38580180
0.38580130
2
0.00000000
0.80000000
0.63393470
0.63393460
2
0.00000000
0.80000000
1.00000000
1.00000000
2
0.00000000
0.80000000
1.00000000
1.00000000
2
0.00000000
0.80000000
1.00000000
1.00000000
Character1_LeftHandPinky4
1
0.00000000
-0.01920933
1
0.00000000
-0.00029924
1
0.00000000
-0.00002338
2
0.00000000
0.80000000
-0.04783580
-0.04783580
2
0.00000000
0.80000000
-0.00384246
-0.00384246
2
0.00000000
0.80000000
0.00305436
0.00305436
2
0.00000000
0.80000000
0.99884320
0.99884320
2
0.00000000
0.80000000
1.00000000
1.00000000
2
0.00000000
0.80000000
1.00000000
1.00000000
2
0.00000000
0.80000000
0.99999990
0.99999990
J_L_Sode_D00
2
0.00000000
0.80000000
-0.04395507
-0.04395507
2
0.00000000
0.80000000
0.00271871
0.00271871
2
0.00000000
0.80000000
0.03898804
0.03898804
5
0.00000000
0.20000000
0.40000000
0.63333330
0.80000000
0.69952580
0.69448280
0.69980280
0.69241910
0.69991230
5
0.00000000
0.20000000
0.40000000
0.63333330
0.80000000
0.09666064
0.12746890
0.09250329
0.10314680
0.09306704
5
0.00000000
0.20000000
0.40000000
0.63333330
0.80000000
0.00198118
-0.03093808
0.00242018
-0.03807960
0.00375147
5
0.00000000
0.20000000
0.40000000
0.63333330
0.80000000
0.70803710
0.70745190
0.70831730
0.71306840
0.70812940
2
0.00000000
0.80000000
1.00000100
1.00000100
2
0.00000000
0.80000000
1.00000100
1.00000100
2
0.00000000
0.80000000
1.00000000
1.00000000
J_L_Sode_A00
2
0.00000000
0.80000000
-0.04704522
-0.04704522
2
0.00000000
0.80000000
0.03601032
0.03601032
2
0.00000000
0.80000000
0.00102944
0.00102944
7
0.00000000
0.03333334
0.20000000
0.36666670
0.53333340
0.70000000
0.80000000
-0.06058268
-0.05986100
-0.05478503
-0.06136928
-0.06113296
-0.06157972
-0.06148328
7
0.00000000
0.03333334
0.20000000
0.36666670
0.53333340
0.70000000
0.80000000
-0.05968402
-0.06394426
-0.06827825
-0.06247667
-0.02349496
-0.03981324
-0.06227130
7
0.00000000
0.03333334
0.20000000
0.36666670
0.53333340
0.70000000
0.80000000
-0.09222727
-0.10932680
-0.18497470
-0.08565049
-0.11450830
-0.10175290
-0.08372799
7
0.00000000
0.03333334
0.20000000
0.36666670
0.53333340
0.70000000
0.80000000
0.99216490
0.99013910
0.97883660
0.99246890
0.99126110
0.99210350
0.99263880
2
0.00000000
0.80000000
1.00000100
1.00000100
2
0.00000000
0.80000000
1.00000100
1.00000100
2
0.00000000
0.80000000
1.00000000
1.00000000
J_L_Sode_B00
2
0.00000000
0.80000000
-0.04425104
-0.04425104
2
0.00000000
0.80000000
0.00025279
0.00025279
2
0.00000000
0.80000000
-0.03773062
-0.03773062
5
0.00000000
0.20000000
0.36666670
0.60000000
0.80000000
-0.65869330
-0.65623310
-0.65872680
-0.65858860
-0.65872820
5
0.00000000
0.20000000
0.36666670
0.60000000
0.80000000
-0.01534473
-0.05876477
-0.01288545
-0.01811016
-0.01199913
5
0.00000000
0.20000000
0.36666670
0.60000000
0.80000000
-0.00860716
-0.05821589
-0.00579762
-0.01176411
-0.00478490
5
0.00000000
0.20000000
0.36666670
0.60000000
0.80000000
0.75220580
0.75001060
0.75224960
0.75219330
0.75227010
2
0.00000000
0.80000000
1.00000100
1.00000100
2
0.00000000
0.80000000
1.00000100
1.00000100
2
0.00000000
0.80000000
1.00000000
1.00000000
J_L_Sode_C00
2
0.00000000
0.80000000
-0.04138999
-0.04138999
2
0.00000000
0.80000000
-0.04891023
-0.04891023
2
0.00000000
0.80000000
0.01278888
0.01278888
5
0.00000000
0.20000000
0.40000000
0.70000000
0.80000000
0.98869880
0.97913320
0.99027710
0.99154150
0.98980840
5
0.00000000
0.20000000
0.40000000
0.70000000
0.80000000
0.13927340
0.19174810
0.13159790
0.12167170
0.13504830
5
0.00000000
0.20000000
0.40000000
0.70000000
0.80000000
0.05375993
0.06604023
0.04338276
0.04334867
0.04351503
5
0.00000000
0.20000000
0.40000000
0.70000000
0.80000000
-0.01369356
-0.01301758
-0.01229564
-0.01274433
-0.01215104
2
0.00000000
0.80000000
1.00000100
1.00000100
2
0.00000000
0.80000000
1.00000000
1.00000000
2
0.00000000
0.80000000
1.00000100
1.00000100
Character1_RightShoulder
1
0.00000000
-0.12245480
1
0.00000000
-0.00014977
1
0.00000000
-0.04199364
2
0.00000000
0.80000000
-0.09146274
-0.09146398
2
0.00000000
0.80000000
-0.60896580
-0.60896550
2
0.00000000
0.80000000
-0.12804060
-0.12804170
2
0.00000000
0.80000000
0.77743220
0.77743210
2
0.00000000
0.80000000
1.00000000
1.00000000
2
0.00000000
0.80000000
1.00000000
1.00000000
2
0.00000000
0.80000000
1.00000000
1.00000000
Character1_RightArm
1
0.00000000
-0.05543732
1
0.00000000
-0.00000005
1
0.00000000
-0.00000100
5
0.00000000
0.23333330
0.46666670
0.63333330
0.80000000
0.45363160
0.46155010
0.45371200
0.46077710
0.45297350
5
0.00000000
0.23333330
0.46666670
0.63333330
0.80000000
0.28376090
0.27082290
0.29969200
0.31352430
0.28475310
5
0.00000000
0.23333330
0.46666670
0.63333330
0.80000000
-0.42540560
-0.40483520
-0.44814830
-0.46329900
-0.42732130
5
0.00000000
0.23333330
0.46666670
0.63333330
0.80000000
0.72988230
0.74144110
0.70957260
0.68901460
0.72878480
2
0.00000000
0.80000000
1.00000000
1.00000000
2
0.00000000
0.80000000
0.99999990
0.99999990
2
0.00000000
0.80000000
0.99999990
0.99999990
Character1_RightForeArm
1
0.00000000
-0.23377880
1
0.00000000
0.00001742
1
0.00000000
-0.00001277
2
0.00000000
0.80000000
0.19151300
0.19141770
2
0.00000000
0.80000000
0.05853017
0.05877535
2
0.00000000
0.80000000
-0.02906758
-0.02902080
2
0.00000000
0.80000000
0.97931210
0.97931740
2
0.00000000
0.80000000
1.00000000
1.00000000
2
0.00000000
0.80000000
0.99999980
0.99999980
2
0.00000000
0.80000000
0.99999970
0.99999970
Character1_RightHand
1
0.00000000
-0.16248010
1
0.00000000
-0.00000066
1
0.00000000
0.00000173
2
0.00000000
0.80000000
-0.15730480
-0.15737750
2
0.00000000
0.80000000
0.16186360
0.16175370
2
0.00000000
0.80000000
-0.04636407
-0.04632084
2
0.00000000
0.80000000
0.97309080
0.97309940
2
0.00000000
0.80000000
1.00000000
1.00000000
2
0.00000000
0.80000000
0.99999980
0.99999980
2
0.00000000
0.80000000
0.99999990
0.99999990
Character1_RightHandThumb1
1
0.00000000
-0.02633883
1
0.00000000
0.02086117
1
0.00000000
-0.00452684
2
0.00000000
0.80000000
0.46670200
0.46670160
2
0.00000000
0.80000000
-0.11148500
-0.11148520
2
0.00000000
0.80000000
-0.22818210
-0.22818200
2
0.00000000
0.80000000
0.84716780
0.84716800
2
0.00000000
0.80000000
1.00000000
1.00000000
2
0.00000000
0.80000000
1.00000000
1.00000000
2
0.00000000
0.80000000
1.00000000
1.00000000
Character1_RightHandThumb2
1
0.00000000
-0.03202948
1
0.00000000
0.00112795
1
0.00000000
0.00060241
2
0.00000000
0.80000000
0.03668495
0.03668554
2
0.00000000
0.80000000
0.17384130
0.17384130
2
0.00000000
0.80000000
0.07676754
0.07676836
2
0.00000000
0.80000000
0.98109130
0.98109120
2
0.00000000
0.80000000
0.99999980
0.99999980
2
0.00000000
0.80000000
0.99999930
0.99999930
2
0.00000000
0.80000000
0.99999980
0.99999980
Character1_RightHandThumb3
1
0.00000000
-0.01758621
1
0.00000000
0.00051133
1
0.00000000
0.00015221
2
0.00000000
0.80000000
0.01054035
0.01054038
2
0.00000000
0.80000000
0.26187320
0.26187310
2
0.00000000
0.80000000
0.09421305
0.09421290
2
0.00000000
0.80000000
0.96043490
0.96043500
2
0.00000000
0.80000000
1.00000000
1.00000000
2
0.00000000
0.80000000
1.00000000
1.00000000
2
0.00000000
0.80000000
1.00000000
1.00000000
Character1_RightHandThumb4
1
0.00000000
-0.02628791
1
0.00000000
0.00158763
1
0.00000000
-0.00003033
2
0.00000000
0.80000000
0.09698050
0.09698050
2
0.00000000
0.80000000
-0.01651486
-0.01651486
2
0.00000000
0.80000000
-0.06892800
-0.06892800
2
0.00000000
0.80000000
0.99275930
0.99275930
2
0.00000000
0.80000000
1.00000000
1.00000000
2
0.00000000
0.80000000
0.99999960
0.99999960
2
0.00000000
0.80000000
0.99999990
0.99999990
Character1_RightHandIndex1
1
0.00000000
-0.07745903
1
0.00000000
0.02477353
1
0.00000000
0.02387737
2
0.00000000
0.80000000
0.99487560
0.99487560
2
0.00000000
0.80000000
0.07116916
0.07116947
2
0.00000000
0.80000000
0.07119718
0.07119736
2
0.00000000
0.80000000
-0.00940414
-0.00940351
2
0.00000000
0.80000000
0.99999990
0.99999990
2
0.00000000
0.80000000
1.00000000
1.00000000
2
0.00000000
0.80000000
1.00000000
1.00000000
Character1_RightHandIndex2
1
0.00000000
-0.02423301
1
0.00000000
-0.00223004
1
0.00000000
-0.00200852
2
0.00000000
0.80000000
-0.01307016
-0.01307022
2
0.00000000
0.80000000
0.48071670
0.48071730
2
0.00000000
0.80000000
-0.06263930
-0.06263854
2
0.00000000
0.80000000
0.87453810
0.87453790
2
0.00000000
0.80000000
1.00000000
1.00000000
2
0.00000000
0.80000000
1.00000000
1.00000000
2
0.00000000
0.80000000
0.99999950
0.99999950
Character1_RightHandIndex3
1
0.00000000
-0.01588617
1
0.00000000
0.00000118
1
0.00000000
-0.00264198
2
0.00000000
0.80000000
-0.03561269
-0.03561097
2
0.00000000
0.80000000
0.59265450
0.59265400
2
0.00000000
0.80000000
-0.08476581
-0.08476689
2
0.00000000
0.80000000
0.80019190
0.80019220
2
0.00000000
0.80000000
0.99999990
0.99999990
2
0.00000000
0.80000000
1.00000000
1.00000000
2
0.00000000
0.80000000
1.00000000
1.00000000
Character1_RightHandIndex4
1
0.00000000
-0.02107472
1
0.00000000
-0.00070412
1
0.00000000
-0.00325402
2
0.00000000
0.80000000
0.06180407
0.06180407
2
0.00000000
0.80000000
-0.11389170
-0.11389170
2
0.00000000
0.80000000
-0.00078375
-0.00078375
2
0.00000000
0.80000000
0.99156860
0.99156860
2
0.00000000
0.80000000
0.99999960
0.99999960
2
0.00000000
0.80000000
0.99999980
0.99999980
2
0.00000000
0.80000000
0.99999990
0.99999990
Character1_RightHandMiddle1
1
0.00000000
-0.07734096
1
0.00000000
0.00436004
1
0.00000000
0.02411085
2
0.00000000
0.80000000
0.97829600
0.97829600
2
0.00000000
0.80000000
-0.03106795
-0.03106813
2
0.00000000
0.80000000
0.13236950
0.13236960
2
0.00000000
0.80000000
-0.15636530
-0.15636460
2
0.00000000
0.80000000
0.99999990
0.99999990
2
0.00000000
0.80000000
1.00000000
1.00000000
2
0.00000000
0.80000000
1.00000000
1.00000000
Character1_RightHandMiddle2
1
0.00000000
-0.02535491
1
0.00000000
-0.00067981
1
0.00000000
0.00116949
2
0.00000000
0.80000000
-0.02884080
-0.02884103
2
0.00000000
0.80000000
0.53252580
0.53252580
2
0.00000000
0.80000000
-0.07573870
-0.07573847
2
0.00000000
0.80000000
0.84252480
0.84252490
2
0.00000000
0.80000000
1.00000000
1.00000000
2
0.00000000
0.80000000
1.00000000
1.00000000
2
0.00000000
0.80000000
0.99999990
0.99999990
Character1_RightHandMiddle3
1
0.00000000
-0.01941583
1
0.00000000
-0.00041665
1
0.00000000
-0.00070466
2
0.00000000
0.80000000
-0.00443565
-0.00443433
2
0.00000000
0.80000000
0.70925160
0.70925200
2
0.00000000
0.80000000
-0.09241335
-0.09241344
2
0.00000000
0.80000000
0.69885780
0.69885740
2
0.00000000
0.80000000
1.00000000
1.00000000
2
0.00000000
0.80000000
0.99999990
0.99999990
2
0.00000000
0.80000000
0.99999990
0.99999990
Character1_RightHandMiddle4
1
0.00000000
-0.02143747
1
0.00000000
-0.00047113
1
0.00000000
-0.00506652
2
0.00000000
0.80000000
0.02437098
0.02437098
2
0.00000000
0.80000000
-0.06598202
-0.06598202
2
0.00000000
0.80000000
-0.00813170
-0.00813170
2
0.00000000
0.80000000
0.99749000
0.99749000
2
0.00000000
0.80000000
1.00000000
1.00000000
2
0.00000000
0.80000000
1.00000000
1.00000000
2
0.00000000
0.80000000
0.99999990
0.99999990
Character1_RightHandRing1
1
0.00000000
-0.07430402
1
0.00000000
-0.01371074
1
0.00000000
0.01965605
2
0.00000000
0.80000000
0.90013930
0.90013910
2
0.00000000
0.80000000
-0.07314910
-0.07314838
2
0.00000000
0.80000000
0.33885870
0.33885930
2
0.00000000
0.80000000
-0.26376740
-0.26376760
2
0.00000000
0.80000000
1.00000000
1.00000000
2
0.00000000
0.80000000
1.00000000
1.00000000
2
0.00000000
0.80000000
0.99999980
0.99999980
Character1_RightHandRing2
1
0.00000000
-0.02345802
1
0.00000000
-0.00000792
1
0.00000000
-0.00350789
2
0.00000000
0.80000000
-0.05763083
-0.05763179
2
0.00000000
0.80000000
0.14822070
0.14822030
2
0.00000000
0.80000000
-0.12539060
-0.12539090
2
0.00000000
0.80000000
0.97927860
0.97927860
2
0.00000000
0.80000000
0.99999990
0.99999990
2
0.00000000
0.80000000
1.00000000
1.00000000
2
0.00000000
0.80000000
1.00000000
1.00000000
Character1_RightHandRing3
1
0.00000000
-0.01589358
1
0.00000000
-0.00103255
1
0.00000000
0.00037811
2
0.00000000
0.80000000
-0.02323175
-0.02323183
2
0.00000000
0.80000000
0.72087510
0.72087570
2
0.00000000
0.80000000
-0.27049330
-0.27049190
2
0.00000000
0.80000000
0.63767770
0.63767760
2
0.00000000
0.80000000
0.99999990
0.99999990
2
0.00000000
0.80000000
0.99999990
0.99999990
2
0.00000000
0.80000000
1.00000000
1.00000000
Character1_RightHandRing4
1
0.00000000
-0.02512612
1
0.00000000
-0.00003484
1
0.00000000
-0.00327394
2
0.00000000
0.80000000
0.01259207
0.01259207
2
0.00000000
0.80000000
-0.04324944
-0.04324944
2
0.00000000
0.80000000
-0.00322445
-0.00322445
2
0.00000000
0.80000000
0.99897970
0.99897970
2
0.00000000
0.80000000
1.00000000
1.00000000
2
0.00000000
0.80000000
0.99999990
0.99999990
2
0.00000000
0.80000000
0.99999980
0.99999980
Character1_RightHandPinky1
1
0.00000000
-0.06501900
1
0.00000000
-0.02772160
1
0.00000000
0.01036632
2
0.00000000
0.80000000
0.88870730
0.88870750
2
0.00000000
0.80000000
-0.09507079
-0.09507053
2
0.00000000
0.80000000
-0.03652161
-0.03652160
2
0.00000000
0.80000000
-0.44702010
-0.44701990
2
0.00000000
0.80000000
1.00000000
1.00000000
2
0.00000000
0.80000000
1.00000000
1.00000000
2
0.00000000
0.80000000
0.99999990
0.99999990
Character1_RightHandPinky2
1
0.00000000
-0.01809764
1
0.00000000
-0.00014428
1
0.00000000
-0.00005280
2
0.00000000
0.80000000
0.02835959
0.02835971
2
0.00000000
0.80000000
0.22238760
0.22238730
2
0.00000000
0.80000000
-0.17340770
-0.17340880
2
0.00000000
0.80000000
0.95899390
0.95899380
2
0.00000000
0.80000000
1.00000000
1.00000000
2
0.00000000
0.80000000
1.00000000
1.00000000
2
0.00000000
0.80000000
1.00000000
1.00000000
Character1_RightHandPinky3
1
0.00000000
-0.01388555
1
0.00000000
0.00026696
1
0.00000000
0.00082812
2
0.00000000
0.80000000
0.02145601
0.02145539
2
0.00000000
0.80000000
0.62876040
0.62876030
2
0.00000000
0.80000000
-0.48098720
-0.48098670
2
0.00000000
0.80000000
0.61061560
0.61061600
2
0.00000000
0.80000000
1.00000000
1.00000000
2
0.00000000
0.80000000
1.00000000
1.00000000
2
0.00000000
0.80000000
1.00000000
1.00000000
Character1_RightHandPinky4
1
0.00000000
-0.01920296
1
0.00000000
0.00051865
1
0.00000000
-0.00024998
2
0.00000000
0.80000000
-0.01420847
-0.01420847
2
0.00000000
0.80000000
-0.00825185
-0.00825185
2
0.00000000
0.80000000
-0.01770875
-0.01770875
2
0.00000000
0.80000000
0.99970820
0.99970820
2
0.00000000
0.80000000
0.99999970
0.99999970
2
0.00000000
0.80000000
0.99999960
0.99999960
2
0.00000000
0.80000000
0.99999960
0.99999960
J_R_Sode_A00
2
0.00000000
0.80000000
-0.04704347
-0.04704347
2
0.00000000
0.80000000
0.03601107
0.03601107
2
0.00000000
0.80000000
-0.00102966
-0.00102966
6
0.00000000
0.06666668
0.20000000
0.40000000
0.63333330
0.80000000
0.00850231
0.00479023
-0.00092057
0.00865632
0.00750799
0.00868050
6
0.00000000
0.06666668
0.20000000
0.40000000
0.63333330
0.80000000
0.02313066
-0.00122043
-0.02589449
0.02312398
0.02346817
0.02312758
6
0.00000000
0.06666668
0.20000000
0.40000000
0.63333330
0.80000000
-0.09953773
-0.12599760
-0.16010170
-0.09473016
-0.14338980
-0.09371991
6
0.00000000
0.06666668
0.20000000
0.40000000
0.63333330
0.80000000
0.99475600
0.99201820
0.98676040
0.99519680
0.98935950
0.99529210
2
0.00000000
0.80000000
0.99999990
0.99999990
2
0.00000000
0.80000000
1.00000100
1.00000100
2
0.00000000
0.80000000
1.00000000
1.00000000
J_R_Sode_B00
2
0.00000000
0.80000000
-0.04424990
-0.04424990
2
0.00000000
0.80000000
0.00025344
0.00025344
2
0.00000000
0.80000000
0.03772974
0.03772974
5
0.00000000
0.26666670
0.46666670
0.63333330
0.80000000
0.70423540
0.70181700
0.70283730
0.69827490
0.70513050
5
0.00000000
0.26666670
0.46666670
0.63333330
0.80000000
0.14739220
0.15486860
0.13092910
0.11841830
0.13904760
5
0.00000000
0.26666670
0.46666670
0.63333330
0.80000000
-0.05878333
-0.06598002
-0.06926183
-0.09843603
-0.05033628
5
0.00000000
0.26666670
0.46666670
0.63333330
0.80000000
0.69200630
0.69218160
0.69575860
0.69907060
0.69348610
2
0.00000000
0.80000000
0.99999990
0.99999990
2
0.00000000
0.80000000
1.00000100
1.00000100
2
0.00000000
0.80000000
1.00000000
1.00000000
J_R_Sode_D00
2
0.00000000
0.80000000
-0.04395394
-0.04395394
2
0.00000000
0.80000000
0.00270832
0.00270832
2
0.00000000
0.80000000
-0.03898220
-0.03898220
5
0.00000000
0.20000000
0.40000000
0.63333330
0.80000000
-0.76193460
-0.75860300
-0.76222940
-0.76170960
-0.76217070
5
0.00000000
0.20000000
0.40000000
0.63333330
0.80000000
-0.03298537
-0.07879619
-0.02673349
-0.02238284
-0.02791859
5
0.00000000
0.20000000
0.40000000
0.63333330
0.80000000
0.02994025
-0.01113772
0.03009339
-0.00488975
0.03176776
5
0.00000000
0.20000000
0.40000000
0.63333330
0.80000000
0.64612010
0.64667500
0.64605420
0.64751330
0.64599320
2
0.00000000
0.80000000
0.99999990
0.99999990
2
0.00000000
0.80000000
1.00000100
1.00000100
2
0.00000000
0.80000000
1.00000000
1.00000000
J_R_Sode_C00
2
0.00000000
0.80000000
-0.04138786
-0.04138786
2
0.00000000
0.80000000
-0.04891171
-0.04891171
2
0.00000000
0.80000000
-0.01278703
-0.01278703
5
0.00000000
0.20000000
0.36666670
0.56666670
0.80000000
0.97990410
0.97927830
0.97934880
0.98273090
0.97963600
5
0.00000000
0.20000000
0.36666670
0.56666670
0.80000000
0.13670540
0.18636340
0.13661800
0.10779300
0.13301490
5
0.00000000
0.20000000
0.36666670
0.56666670
0.80000000
-0.14306780
-0.07910660
-0.14681220
-0.14734200
-0.14806820
5
0.00000000
0.20000000
0.36666670
0.56666670
0.80000000
0.02512278
0.00498759
0.02564695
0.03018140
0.02638364
2
0.00000000
0.80000000
0.99999990
0.99999990
2
0.00000000
0.80000000
1.00000100
1.00000100
2
0.00000000
0.80000000
1.00000100
1.00000100
Character1_Neck
1
0.00000000
-0.15685130
1
0.00000000
0.00829848
1
0.00000000
0.00028670
5
0.00000000
0.23333330
0.43333340
0.63333330
0.80000000
-0.00005487
-0.01312272
0.00822115
0.02685381
0.00107409
5
0.00000000
0.23333330
0.43333340
0.63333330
0.80000000
-0.00276774
-0.00383633
-0.00233011
-0.00081279
-0.00269614
5
0.00000000
0.23333330
0.43333340
0.63333330
0.80000000
-0.08207344
-0.10019390
-0.07475636
-0.10405830
-0.08014903
5
0.00000000
0.23333330
0.43333340
0.63333330
0.80000000
0.99662240
0.99487400
0.99716520
0.99420830
0.99677870
2
0.00000000
0.80000000
1.00000000
1.00000000
2
0.00000000
0.80000000
1.00000000
1.00000000
2
0.00000000
0.80000000
0.99999980
0.99999980
Character1_Head
1
0.00000000
-0.07808319
1
0.00000000
-0.00553454
1
0.00000000
0.00000000
6
0.00000000
0.20000000
0.36666670
0.53333340
0.63333330
0.80000000
0.01634820
0.00418216
0.01736170
0.03938723
0.04166685
0.01885319
6
0.00000000
0.20000000
0.36666670
0.53333340
0.63333330
0.80000000
-0.00851065
-0.00928830
-0.00810431
-0.00821778
-0.00830189
-0.00834262
6
0.00000000
0.20000000
0.36666670
0.53333340
0.63333330
0.80000000
0.18445780
0.16578430
0.19910020
0.17270790
0.16701840
0.18855510
6
0.00000000
0.20000000
0.36666670
0.53333340
0.63333330
0.80000000
0.98266760
0.98610940
0.97979180
0.98415100
0.98503800
0.98184620
2
0.00000000
0.80000000
1.00000000
1.00000000
2
0.00000000
0.80000000
0.99999980
0.99999980
2
0.00000000
0.80000000
1.00000000
1.00000000
J_L_HairSide_00
2
0.00000000
0.80000000
-0.09528863
-0.09528863
2
0.00000000
0.80000000
0.08420379
0.08420379
2
0.00000000
0.80000000
0.08411823
0.08411823
7
0.00000000
0.03333334
0.23333330
0.40000000
0.56666670
0.76666670
0.80000000
0.21871940
0.23755100
0.27653950
0.19740760
0.29155280
0.20248900
0.19557530
7
0.00000000
0.03333334
0.23333330
0.40000000
0.56666670
0.76666670
0.80000000
0.96151100
0.95573880
0.94268480
0.96685290
0.93723360
0.96552810
0.96732300
7
0.00000000
0.03333334
0.23333330
0.40000000
0.56666670
0.76666670
0.80000000
-0.01485652
-0.01283923
-0.01042125
-0.01653167
-0.00972707
-0.01601694
-0.01672126
7
0.00000000
0.03333334
0.23333330
0.40000000
0.56666670
0.76666670
0.80000000
0.16634290
0.17311250
0.18644760
0.16109770
0.19103840
0.16277920
0.16048960
2
0.00000000
0.80000000
1.00000100
1.00000100
2
0.00000000
0.80000000
1.00000000
1.00000000
2
0.00000000
0.80000000
1.00000100
1.00000100
J_L_HairSide_01
2
0.00000000
0.80000000
-0.07190698
-0.07190698
2
0.00000000
0.80000000
0.00000000
0.00000000
2
0.00000000
0.80000000
0.00000000
0.00000000
7
0.00000000
0.03333334
0.23333330
0.40000000
0.56666670
0.76666670
0.80000000
0.01752944
0.01842079
0.02209062
0.01556463
0.02382614
0.01585346
0.01546481
7
0.00000000
0.03333334
0.23333330
0.40000000
0.56666670
0.76666670
0.80000000
0.03619428
0.02909252
0.01453961
0.04175324
0.00933684
0.04001980
0.04237771
7
0.00000000
0.03333334
0.23333330
0.40000000
0.56666670
0.76666670
0.80000000
0.05663624
0.07626162
0.11670180
0.03477772
0.13228540
0.04002774
0.03288500
7
0.00000000
0.03333334
0.23333330
0.40000000
0.56666670
0.76666670
0.80000000
0.99770100
0.99649310
0.99281480
0.99840120
0.99088130
0.99827090
0.99844060
2
0.00000000
0.80000000
1.00000000
1.00000000
2
0.00000000
0.80000000
1.00000000
1.00000000
2
0.00000000
0.80000000
1.00000000
1.00000000
J_R_HairSide_00
2
0.00000000
0.80000000
-0.09799041
-0.09799041
2
0.00000000
0.80000000
0.07704446
0.07704446
2
0.00000000
0.80000000
-0.08779540
-0.08779540
7
0.00000000
0.03333334
0.23333330
0.40000000
0.56666670
0.76666670
0.80000000
0.22349000
0.24276970
0.28259750
0.20231120
0.29783730
0.20746480
0.20045290
7
0.00000000
0.03333334
0.23333330
0.40000000
0.56666670
0.76666670
0.80000000
0.96035780
0.95474700
0.94109420
0.96519040
0.93569330
0.96386020
0.96566270
7
0.00000000
0.03333334
0.23333330
0.40000000
0.56666670
0.76666670
0.80000000
-0.04177559
-0.04301554
-0.04422403
-0.03788992
-0.04498584
-0.03841268
-0.03769755
7
0.00000000
0.03333334
0.23333330
0.40000000
0.56666670
0.76666670
0.80000000
-0.16204540
-0.16634530
-0.18034610
-0.16137600
-0.18370460
-0.16265400
-0.16091340
2
0.00000000
0.80000000
1.00000100
1.00000100
2
0.00000000
0.80000000
1.00000000
1.00000000
2
0.00000000
0.80000000
1.00000100
1.00000100
J_R_HairSide_01
2
0.00000000
0.80000000
-0.07190759
-0.07190759
2
0.00000000
0.80000000
0.00000000
0.00000000
2
0.00000000
0.80000000
0.00000000
0.00000000
7
0.00000000
0.03333334
0.23333330
0.40000000
0.56666670
0.76666670
0.80000000
-0.00614612
-0.00816054
-0.01270323
-0.00564050
-0.01448596
-0.00597789
-0.00552271
7
0.00000000
0.03333334
0.23333330
0.40000000
0.56666670
0.76666670
0.80000000
-0.04860223
-0.04295640
-0.02570311
-0.05019519
-0.02103761
-0.04863054
-0.05075900
7
0.00000000
0.03333334
0.23333330
0.40000000
0.56666670
0.76666670
0.80000000
0.05731992
0.07696293
0.11746200
0.03532067
0.13310690
0.04057982
0.03342481
7
0.00000000
0.03333334
0.23333330
0.40000000
0.56666670
0.76666670
0.80000000
0.99727280
0.99607470
0.99266340
0.99809870
0.99077250
0.99797430
0.99813620
2
0.00000000
0.80000000
1.00000000
1.00000000
2
0.00000000
0.80000000
1.00000000
1.00000000
2
0.00000000
0.80000000
1.00000000
1.00000000
J_L_HairFront_00
2
0.00000000
0.80000000
-0.11835310
-0.11835310
2
0.00000000
0.80000000
0.11062720
0.11062720
2
0.00000000
0.80000000
-0.00064683
-0.00064683
7
0.00000000
0.03333334
0.20000000
0.40000000
0.60000000
0.76666670
0.80000000
-0.05316383
-0.06523570
-0.12210540
-0.04759318
-0.12762730
-0.05165158
-0.04601016
7
0.00000000
0.03333334
0.20000000
0.40000000
0.60000000
0.76666670
0.80000000
0.99747800
0.99681540
0.99149320
0.99754350
0.98916980
0.99735790
0.99770640
7
0.00000000
0.03333334
0.20000000
0.40000000
0.60000000
0.76666670
0.80000000
0.03924476
0.03999899
0.04497743
0.03880732
0.03679274
0.03894622
0.03890041
7
0.00000000
0.03333334
0.20000000
0.40000000
0.60000000
0.76666670
0.80000000
-0.02772183
-0.02243512
0.00291740
-0.03370195
-0.06245452
-0.03305412
-0.03085173
2
0.00000000
0.80000000
1.00000100
1.00000100
2
0.00000000
0.80000000
1.00000000
1.00000000
2
0.00000000
0.80000000
1.00000100
1.00000100
J_R_HairFront_00
2
0.00000000
0.80000000
-0.11864670
-0.11864670
2
0.00000000
0.80000000
0.10995260
0.10995260
2
0.00000000
0.80000000
-0.00727659
-0.00727659
7
0.00000000
0.03333334
0.20000000
0.40000000
0.60000000
0.76666670
0.80000000
-0.12128210
-0.13405080
-0.19408710
-0.11467430
-0.18660030
-0.11874970
-0.11370100
7
0.00000000
0.03333334
0.20000000
0.40000000
0.60000000
0.76666670
0.80000000
0.97750990
0.97623130
0.96835080
0.97775550
0.96234350
0.97730980
0.97812750
7
0.00000000
0.03333334
0.20000000
0.40000000
0.60000000
0.76666670
0.80000000
-0.15949290
-0.15790920
-0.14858690
-0.16053270
-0.16095070
-0.16020560
-0.16029840
7
0.00000000
0.03333334
0.20000000
0.40000000
0.60000000
0.76666670
0.80000000
-0.06651666
-0.06377726
-0.05048621
-0.07122666
-0.11476180
-0.07140150
-0.06814066
2
0.00000000
0.80000000
1.00000000
1.00000000
2
0.00000000
0.80000000
1.00000100
1.00000100
2
0.00000000
0.80000000
1.00000100
1.00000100
J_L_HeadRibbon_00
2
0.00000000
0.80000000
-0.17970760
-0.17970760
2
0.00000000
0.80000000
0.08956378
0.08956378
2
0.00000000
0.80000000
0.04141203
0.04141203
7
0.00000000
0.06666668
0.20000000
0.40000000
0.60000000
0.76666670
0.80000000
0.09006621
0.09581202
0.10374560
0.08839428
0.10430840
0.08922698
0.08809389
7
0.00000000
0.06666668
0.20000000
0.40000000
0.60000000
0.76666670
0.80000000
0.22924830
0.22689790
0.22338180
0.22988920
0.22311960
0.22956720
0.23000440
7
0.00000000
0.06666668
0.20000000
0.40000000
0.60000000
0.76666670
0.80000000
0.30257400
0.32567320
0.35762810
0.29586230
0.35989770
0.29920570
0.29465630
7
0.00000000
0.06666668
0.20000000
0.40000000
0.60000000
0.76666670
0.80000000
0.92078810
0.91283870
0.90079940
0.92293170
0.89989510
0.92185320
0.92331740
2
0.00000000
0.80000000
1.00000000
1.00000000
2
0.00000000
0.80000000
1.00000100
1.00000100
2
0.00000000
0.80000000
1.00000000
1.00000000
J_L_HeadRibbon_01
2
0.00000000
0.80000000
-0.08505328
-0.08505328
2
0.00000000
0.80000000
0.00000000
0.00000000
2
0.00000000
0.80000000
0.00000000
0.00000000
9
0.00000000
0.10000000
0.20000000
0.30000000
0.40000000
0.53333340
0.63333330
0.73333330
0.80000000
0.56510110
0.55461130
0.54846680
0.56127580
0.56563790
0.55224010
0.55011350
0.56292830
0.56582070
9
0.00000000
0.10000000
0.20000000
0.30000000
0.40000000
0.53333340
0.63333330
0.73333330
0.80000000
0.34405480
0.42451830
0.45546560
0.38049410
0.33747970
0.43723160
0.44777260
0.36641210
0.33510350
9
0.00000000
0.10000000
0.20000000
0.30000000
0.40000000
0.53333340
0.63333330
0.73333330
0.80000000
0.06359739
0.12565920
0.15022700
0.09139720
0.05863198
0.13570120
0.14408050
0.08059627
0.05684129
9
0.00000000
0.10000000
0.20000000
0.30000000
0.40000000
0.53333340
0.63333330
0.73333330
0.80000000
0.74715620
0.70455680
0.68495770
0.72927370
0.75014900
0.69673850
0.69001140
0.73644980
0.75121340
2
0.00000000
0.80000000
1.00000000
1.00000000
2
0.00000000
0.80000000
1.00000000
1.00000000
2
0.00000000
0.80000000
1.00000000
1.00000000
J_R_HeadRibbon_00
2
0.00000000
0.80000000
-0.18103220
-0.18103220
2
0.00000000
0.80000000
0.08604571
0.08604571
2
0.00000000
0.80000000
-0.04305515
-0.04305515
7
0.00000000
0.06666668
0.20000000
0.40000000
0.60000000
0.76666670
0.80000000
-0.12352410
-0.12857050
-0.13549320
-0.12204850
-0.13598210
-0.12278290
-0.12178340
7
0.00000000
0.06666668
0.20000000
0.40000000
0.60000000
0.76666670
0.80000000
-0.20196240
-0.19877830
-0.19412570
-0.20284810
-0.19378360
-0.20240440
-0.20300740
7
0.00000000
0.06666668
0.20000000
0.40000000
0.60000000
0.76666670
0.80000000
0.31321320
0.33628210
0.36818410
0.30650840
0.37044930
0.30984820
0.30530370
7
0.00000000
0.06666668
0.20000000
0.40000000
0.60000000
0.76666670
0.80000000
0.91973850
0.91152130
0.89910920
0.92195960
0.89817820
0.92084250
0.92235920
2
0.00000000
0.80000000
1.00000000
1.00000000
2
0.00000000
0.80000000
1.00000100
1.00000100
2
0.00000000
0.80000000
1.00000000
1.00000000
J_R_HeadRibbon_01
2
0.00000000
0.80000000
-0.08505593
-0.08505593
2
0.00000000
0.80000000
0.00000000
0.00000000
2
0.00000000
0.80000000
0.00000000
0.00000000
8
0.00000000
0.13333330
0.23333330
0.40000000
0.53333340
0.63333330
0.76666670
0.80000000
-0.56397130
-0.54983660
-0.55176770
-0.56452910
-0.55176760
-0.54983660
-0.56397130
-0.56472150
8
0.00000000
0.13333330
0.23333330
0.40000000
0.53333340
0.63333330
0.76666670
0.80000000
-0.35631040
-0.44905550
-0.43959890
-0.35044810
-0.43959900
-0.44905550
-0.35631040
-0.34832990
8
0.00000000
0.13333330
0.23333330
0.40000000
0.53333340
0.63333330
0.76666670
0.80000000
0.07290755
0.14511650
0.13759180
0.06845433
0.13759190
0.14511650
0.07290755
0.06684832
8
0.00000000
0.13333330
0.23333330
0.40000000
0.53333340
0.63333330
0.76666670
0.80000000
0.74139310
0.68918070
0.69525080
0.74418210
0.69525080
0.68918070
0.74139310
0.74517600
2
0.00000000
0.80000000
1.00000000
1.00000000
2
0.00000000
0.80000000
1.00000000
1.00000000
2
0.00000000
0.80000000
1.00000000
1.00000000
J_L_HairTail_00
2
0.00000000
0.80000000
-0.03154395
-0.03154395
2
0.00000000
0.80000000
-0.06754832
-0.06754832
2
0.00000000
0.80000000
0.06546028
0.06546028
5
0.00000000
0.20000000
0.40000000
0.60000000
0.80000000
-0.13635070
-0.16517780
-0.12502190
-0.12059350
-0.12669450
5
0.00000000
0.20000000
0.40000000
0.60000000
0.80000000
0.01702765
0.02709997
0.01400833
0.00688893
0.01477653
5
0.00000000
0.20000000
0.40000000
0.60000000
0.80000000
0.93254570
0.92154460
0.93964250
0.90878910
0.94048620
5
0.00000000
0.20000000
0.40000000
0.60000000
0.80000000
0.33388170
0.35033930
0.31819070
0.39938970
0.31498560
2
0.00000000
0.80000000
1.00000100
1.00000100
2
0.00000000
0.80000000
1.00000100
1.00000100
2
0.00000000
0.80000000
1.00000000
1.00000000
J_L_HairTail_01
2
0.00000000
0.80000000
-0.11597680
-0.11597680
2
0.00000000
0.80000000
0.00000000
0.00000000
2
0.00000000
0.80000000
0.00000000
0.00000000
10
0.00000000
0.03333334
0.16666670
0.26666670
0.33333330
0.40000000
0.56666670
0.70000000
0.76666670
0.80000000
-0.00010845
-0.00009499
-0.00016903
-0.00020620
-0.00014476
-0.00008781
-0.00015753
-0.00020278
-0.00015157
-0.00012400
10
0.00000000
0.03333334
0.16666670
0.26666670
0.33333330
0.40000000
0.56666670
0.70000000
0.76666670
0.80000000
0.00052863
0.00053139
0.00051267
0.00049888
0.00052004
0.00053263
0.00051632
0.00050028
0.00051810
0.00052538
10
0.00000000
0.03333334
0.16666670
0.26666670
0.33333330
0.40000000
0.56666670
0.70000000
0.76666670
0.80000000
0.03214751
0.05758151
-0.08387432
-0.15678780
-0.03697582
0.07106163
-0.06158912
-0.15001940
-0.05007836
0.00273948
10
0.00000000
0.03333334
0.16666670
0.26666670
0.33333330
0.40000000
0.56666670
0.70000000
0.76666670
0.80000000
0.99916760
0.99834070
0.99647620
0.98763220
0.99931600
0.99747180
0.99810150
0.98868290
0.99874520
0.99999610
2
0.00000000
0.80000000
1.00000000
1.00000000
2
0.00000000
0.80000000
1.00000000
1.00000000
2
0.00000000
0.80000000
1.00000000
1.00000000
J_L_HairTail_02
2
0.00000000
0.80000000
-0.13655790
-0.13655790
2
0.00000000
0.80000000
0.00000000
0.00000000
2
0.00000000
0.80000000
0.00000000
0.00000000
3
0.00000000
0.40000000
0.80000000
-0.00789319
-0.00768799
-0.00768799
3
0.00000000
0.40000000
0.80000000
0.01920949
0.01929253
0.01929253
3
0.00000000
0.40000000
0.80000000
-0.16012590
-0.14959760
-0.14959760
3
0.00000000
0.40000000
0.80000000
0.98687810
0.98852880
0.98852880
2
0.00000000
0.80000000
1.00000000
1.00000000
2
0.00000000
0.80000000
1.00000000
1.00000000
2
0.00000000
0.80000000
1.00000000
1.00000000
J_L_HairTail_03
2
0.00000000
0.80000000
-0.13229260
-0.13229260
2
0.00000000
0.80000000
0.00000000
0.00000000
2
0.00000000
0.80000000
0.00000000
0.00000000
11
0.00000000
0.06666668
0.16666670
0.26666670
0.33333330
0.40000000
0.46666670
0.53333340
0.60000000
0.73333330
0.80000000
0.01382260
0.00945183
0.00373624
0.00833511
0.01318867
0.01452605
0.01095972
0.00586666
0.00372125
0.01054820
0.01471538
11
0.00000000
0.06666668
0.16666670
0.26666670
0.33333330
0.40000000
0.46666670
0.53333340
0.60000000
0.73333330
0.80000000
-0.03136045
-0.03294245
-0.03406732
-0.03324256
-0.03163228
-0.03104088
-0.03247193
-0.03376573
-0.03406896
-0.03260794
-0.03095157
11
0.00000000
0.06666668
0.16666670
0.26666670
0.33333330
0.40000000
0.46666670
0.53333340
0.60000000
0.73333330
0.80000000
-0.22372850
-0.08986422
0.08000617
-0.05623386
-0.20408040
-0.24562970
-0.13563370
0.01733510
0.08044453
-0.12310110
-0.25154250
11
0.00000000
0.06666668
0.16666670
0.26666670
0.33333330
0.40000000
0.46666670
0.53333340
0.60000000
0.73333330
0.80000000
0.97404880
0.99536420
0.99620500
0.99782930
0.97835410
0.96875770
0.99016610
0.99926220
0.99616970
0.99180220
0.96723930
2
0.00000000
0.80000000
1.00000000
1.00000000
2
0.00000000
0.80000000
1.00000000
1.00000000
2
0.00000000
0.80000000
1.00000000
1.00000000
J_L_HairTail_04
2
0.00000000
0.80000000
-0.13752590
-0.13752590
2
0.00000000
0.80000000
0.00000000
0.00000000
2
0.00000000
0.80000000
0.00000000
0.00000000
9
0.00000000
0.10000000
0.20000000
0.30000000
0.40000000
0.50000000
0.60000000
0.73333330
0.80000000
0.01962505
0.02167663
0.02267858
0.01867706
0.01674351
0.02022602
0.02291167
0.01891612
0.01665080
9
0.00000000
0.10000000
0.20000000
0.30000000
0.40000000
0.50000000
0.60000000
0.73333330
0.80000000
0.03840447
0.03129312
0.02370500
0.02403961
0.02841899
0.02272435
0.02400289
0.02373067
0.02874109
9
0.00000000
0.10000000
0.20000000
0.30000000
0.40000000
0.50000000
0.60000000
0.73333330
0.80000000
-0.04491866
0.10203540
0.15502230
0.01146342
-0.06737353
0.06768534
0.16359530
0.02037036
-0.07165023
9
0.00000000
0.10000000
0.20000000
0.30000000
0.40000000
0.50000000
0.60000000
0.73333330
0.80000000
0.99805930
0.99405210
0.98736610
0.99947080
0.99718250
0.99724280
0.98596930
0.99933180
0.99687660
2
0.00000000
0.80000000
1.00000000
1.00000000
2
0.00000000
0.80000000
1.00000000
1.00000000
2
0.00000000
0.80000000
1.00000000
1.00000000
J_L_HairTail_05
2
0.00000000
0.80000000
-0.14597840
-0.14597840
2
0.00000000
0.80000000
0.00000000
0.00000000
2
0.00000000
0.80000000
0.00000000
0.00000000
9
0.00000000
0.10000000
0.20000000
0.30000000
0.40000000
0.50000000
0.60000000
0.73333330
0.80000000
0.00132290
-0.00069775
-0.00142217
0.00054529
0.00162288
-0.00022405
-0.00154005
0.00042348
0.00168132
9
0.00000000
0.10000000
0.20000000
0.30000000
0.40000000
0.50000000
0.60000000
0.73333330
0.80000000
-0.01360737
-0.01365370
-0.01359735
-0.01366064
-0.01357486
-0.01366968
-0.01358450
-0.01366496
-0.01356774
9
0.00000000
0.10000000
0.20000000
0.30000000
0.40000000
0.50000000
0.60000000
0.73333330
0.80000000
-0.07363103
0.07419366
0.12706630
-0.01668370
-0.09562068
0.03958489
0.13566360
-0.00776945
-0.09990595
9
0.00000000
0.10000000
0.20000000
0.30000000
0.40000000
0.50000000
0.60000000
0.73333330
0.80000000
0.99719180
0.99715020
0.99180000
0.99976740
0.99532400
0.99912270
0.99066070
0.99987640
0.99490300
2
0.00000000
0.80000000
1.00000100
1.00000100
2
0.00000000
0.80000000
1.00000000
1.00000000
2
0.00000000
0.80000000
1.00000100
1.00000100
J_R_HairTail_00
2
0.00000000
0.80000000
-0.03349167
-0.03349167
2
0.00000000
0.80000000
-0.07271498
-0.07271498
2
0.00000000
0.80000000
-0.05859684
-0.05859684
5
0.00000000
0.23333330
0.40000000
0.63333330
0.80000000
0.13467140
0.13877690
0.13023050
0.13326810
0.13016390
5
0.00000000
0.23333330
0.40000000
0.63333330
0.80000000
0.02795327
0.02533605
0.02866868
0.02906914
0.02865558
5
0.00000000
0.23333330
0.40000000
0.63333330
0.80000000
0.92773830
0.91087890
0.93764270
0.92377600
0.93791470
5
0.00000000
0.23333330
0.40000000
0.63333330
0.80000000
0.34696390
0.38781290
0.32100530
0.35781630
0.32023780
2
0.00000000
0.80000000
1.00000100
1.00000100
2
0.00000000
0.80000000
1.00000100
1.00000100
2
0.00000000
0.80000000
1.00000000
1.00000000
J_R_HairTail_01
2
0.00000000
0.80000000
-0.11597510
-0.11597510
2
0.00000000
0.80000000
0.00000000
0.00000000
2
0.00000000
0.80000000
0.00000000
0.00000000
10
0.00000000
0.03333334
0.16666670
0.26666670
0.33333330
0.40000000
0.56666670
0.70000000
0.76666670
0.80000000
0.00010684
0.00009358
0.00016653
0.00020316
0.00014262
0.00008650
0.00015520
0.00019978
0.00014933
0.00012216
10
0.00000000
0.03333334
0.16666670
0.26666670
0.33333330
0.40000000
0.56666670
0.70000000
0.76666670
0.80000000
-0.00052085
-0.00052356
-0.00050512
-0.00049153
-0.00051238
-0.00052478
-0.00050871
-0.00049291
-0.00051047
-0.00051764
10
0.00000000
0.03333334
0.16666670
0.26666670
0.33333330
0.40000000
0.56666670
0.70000000
0.76666670
0.80000000
0.03215243
0.05758642
-0.08386942
-0.15678300
-0.03697091
0.07106654
-0.06158421
-0.15001460
-0.05007345
0.00274440
10
0.00000000
0.03333334
0.16666670
0.26666670
0.33333330
0.40000000
0.56666670
0.70000000
0.76666670
0.80000000
0.99916740
0.99834040
0.99647670
0.98763290
0.99931620
0.99747150
0.99810180
0.98868370
0.99874540
0.99999610
2
0.00000000
0.80000000
1.00000000
1.00000000
2
0.00000000
0.80000000
1.00000000
1.00000000
2
0.00000000
0.80000000
1.00000000
1.00000000
J_R_HairTail_02
2
0.00000000
0.80000000
-0.13656150
-0.13656150
2
0.00000000
0.80000000
0.00000000
0.00000000
2
0.00000000
0.80000000
0.00000000
0.00000000
3
0.00000000
0.40000000
0.80000000
0.00789462
0.00768937
0.00768937
3
0.00000000
0.40000000
0.80000000
-0.01921306
-0.01929611
-0.01929611
3
0.00000000
0.40000000
0.80000000
-0.16013080
-0.14960250
-0.14960250
3
0.00000000
0.40000000
0.80000000
0.98687730
0.98852800
0.98852800
2
0.00000000
0.80000000
1.00000000
1.00000000
2
0.00000000
0.80000000
1.00000000
1.00000000
2
0.00000000
0.80000000
1.00000000
1.00000000
J_R_HairTail_03
2
0.00000000
0.80000000
-0.13228850
-0.13228850
2
0.00000000
0.80000000
0.00000000
0.00000000
2
0.00000000
0.80000000
0.00000000
0.00000000
11
0.00000000
0.06666668
0.16666670
0.26666670
0.33333330
0.40000000
0.46666670
0.53333340
0.60000000
0.73333330
0.80000000
-0.01382191
-0.00945138
-0.00373611
-0.00833473
-0.01318802
-0.01452532
-0.01095920
-0.00586641
-0.00372112
-0.01054770
-0.01471464
11
0.00000000
0.06666668
0.16666670
0.26666670
0.33333330
0.40000000
0.46666670
0.53333340
0.60000000
0.73333330
0.80000000
0.03135872
0.03294064
0.03406546
0.03324074
0.03163053
0.03103916
0.03247015
0.03376388
0.03406711
0.03260614
0.03094985
11
0.00000000
0.06666668
0.16666670
0.26666670
0.33333330
0.40000000
0.46666670
0.53333340
0.60000000
0.73333330
0.80000000
-0.22372740
-0.08986315
0.08000724
-0.05623279
-0.20407930
-0.24562870
-0.13563270
0.01733618
0.08044562
-0.12310010
-0.25154150
11
0.00000000
0.06666668
0.16666670
0.26666670
0.33333330
0.40000000
0.46666670
0.53333340
0.60000000
0.73333330
0.80000000
0.97404910
0.99536440
0.99620500
0.99782940
0.97835430
0.96875800
0.99016640
0.99926230
0.99616970
0.99180240
0.96723960
2
0.00000000
0.80000000
1.00000000
1.00000000
2
0.00000000
0.80000000
1.00000000
1.00000000
2
0.00000000
0.80000000
1.00000000
1.00000000
J_R_HairTail_04
2
0.00000000
0.80000000
-0.13752580
-0.13752580
2
0.00000000
0.80000000
0.00000000
0.00000000
2
0.00000000
0.80000000
0.00000000
0.00000000
9
0.00000000
0.10000000
0.20000000
0.30000000
0.40000000
0.50000000
0.60000000
0.73333330
0.80000000
-0.01982381
-0.02481838
-0.02696411
-0.01970031
-0.01604868
-0.02251743
-0.02739240
-0.02013852
-0.01586561
9
0.00000000
0.10000000
0.20000000
0.30000000
0.40000000
0.50000000
0.60000000
0.73333330
0.80000000
-0.06262539
-0.05452673
-0.04561576
-0.04583411
-0.05078852
-0.04438288
-0.04596944
-0.04548827
-0.05115450
9
0.00000000
0.10000000
0.20000000
0.30000000
0.40000000
0.50000000
0.60000000
0.73333330
0.80000000
-0.04439716
0.10217920
0.15527190
0.01179350
-0.06692427
0.06797287
0.16384110
0.02069191
-0.07119179
9
0.00000000
0.10000000
0.20000000
0.30000000
0.40000000
0.50000000
0.60000000
0.73333330
0.80000000
0.99685200
0.99296040
0.98644960
0.99868520
0.99633540
0.99644510
0.98503430
0.99854750
0.99602370
2
0.00000000
0.80000000
1.00000000
1.00000000
2
0.00000000
0.80000000
1.00000000
1.00000000
2
0.00000000
0.80000000
1.00000000
1.00000000
J_R_HairTail_05
2
0.00000000
0.80000000
-0.14597890
-0.14597890
2
0.00000000
0.80000000
0.00000000
0.00000000
2
0.00000000
0.80000000
0.00000000
0.00000000
9
0.00000000
0.10000000
0.20000000
0.30000000
0.40000000
0.50000000
0.60000000
0.73333330
0.80000000
-0.00132284
0.00069770
0.00142208
-0.00054528
-0.00162281
0.00022402
0.00153995
-0.00042347
-0.00168125
9
0.00000000
0.10000000
0.20000000
0.30000000
0.40000000
0.50000000
0.60000000
0.73333330
0.80000000
0.01360660
0.01365294
0.01359659
0.01365987
0.01357409
0.01366892
0.01358374
0.01366419
0.01356698
9
0.00000000
0.10000000
0.20000000
0.30000000
0.40000000
0.50000000
0.60000000
0.73333330
0.80000000
-0.07363097
0.07419372
0.12706640
-0.01668365
-0.09562063
0.03958495
0.13566360
-0.00776940
-0.09990590
9
0.00000000
0.10000000
0.20000000
0.30000000
0.40000000
0.50000000
0.60000000
0.73333330
0.80000000
0.99719180
0.99715020
0.99180000
0.99976740
0.99532400
0.99912270
0.99066070
0.99987640
0.99490300
2
0.00000000
0.80000000
1.00000100
1.00000100
2
0.00000000
0.80000000
1.00000000
1.00000000
2
0.00000000
0.80000000
1.00000100
1.00000100
J_Mune_root_00
1
0.00000000
-0.08766683
1
0.00000000
-0.00030448
1
0.00000000
0.00000002
4
0.00000000
0.23333330
0.60000000
0.80000000
-0.46085840
-0.44787330
-0.47675700
-0.46398140
4
0.00000000
0.23333330
0.60000000
0.80000000
0.54490350
0.54183100
0.55389740
0.54347750
4
0.00000000
0.23333330
0.60000000
0.80000000
0.45263250
0.46499980
0.43511660
0.45340010
4
0.00000000
0.23333330
0.60000000
0.80000000
0.53461540
0.53814870
0.52590300
0.53271170
2
0.00000000
0.80000000
1.00000000
1.00000000
2
0.00000000
0.80000000
1.00000100
1.00000100
2
0.00000000
0.80000000
1.00000000
1.00000000
J_L_SusoSide_00
2
0.00000000
0.80000000
-0.05543403
-0.05543403
2
0.00000000
0.80000000
0.00173068
0.00173068
2
0.00000000
0.80000000
0.09865373
0.09865373
6
0.00000000
0.23333330
0.40000000
0.53333340
0.66666670
0.80000000
-0.16097280
-0.21875850
-0.14198930
-0.21875850
-0.21672720
-0.14019910
6
0.00000000
0.23333330
0.40000000
0.53333340
0.66666670
0.80000000
0.68547650
0.66927940
0.68965880
0.66927940
0.66993990
0.69002490
6
0.00000000
0.23333330
0.40000000
0.53333340
0.66666670
0.80000000
0.69823910
0.68470790
0.70153730
0.68470790
0.68527540
0.70181980
6
0.00000000
0.23333330
0.40000000
0.53333340
0.66666670
0.80000000
0.12912040
0.18810870
0.10979690
0.18810870
0.18603070
0.10797590
2
0.00000000
0.80000000
1.00000000
1.00000000
2
0.00000000
0.80000000
1.00000000
1.00000000
2
0.00000000
0.80000000
1.00000000
1.00000000
J_R_SusoSide_00
2
0.00000000
0.80000000
-0.05543370
-0.05543370
2
0.00000000
0.80000000
0.00173073
0.00173073
2
0.00000000
0.80000000
-0.09865367
-0.09865367
6
0.00000000
0.23333330
0.40000000
0.53333340
0.66666670
0.80000000
0.68547640
0.66927920
0.68965860
0.66927920
0.66993980
0.69002480
6
0.00000000
0.23333330
0.40000000
0.53333340
0.66666670
0.80000000
0.16097330
0.21875910
0.14198990
0.21875910
0.21672780
0.14019980
6
0.00000000
0.23333330
0.40000000
0.53333340
0.66666670
0.80000000
-0.12912090
-0.18810920
-0.10979740
-0.18810920
-0.18603120
-0.10797650
6
0.00000000
0.23333330
0.40000000
0.53333340
0.66666670
0.80000000
0.69823900
0.68470780
0.70153710
0.68470780
0.68527530
0.70181970
2
0.00000000
0.80000000
1.00000000
1.00000000
2
0.00000000
0.80000000
1.00000000
1.00000000
2
0.00000000
0.80000000
1.00000000
1.00000000
J_L_Skirt_00
2
0.00000000
0.80000000
-0.06887829
-0.06887829
2
0.00000000
0.80000000
0.07501759
0.07501759
2
0.00000000
0.80000000
0.05685667
0.05685667
11
0.00000000
0.06666668
0.10000000
0.13333330
0.16666670
0.26666670
0.36666670
0.40000000
0.46666670
0.56666670
0.80000000
-0.19627450
-0.26632870
-0.29821990
-0.31425190
-0.26258550
-0.17520490
-0.11571690
-0.11725440
-0.20079160
-0.25193460
-0.14141150
11
0.00000000
0.06666668
0.10000000
0.13333330
0.16666670
0.26666670
0.36666670
0.40000000
0.46666670
0.56666670
0.80000000
0.97948140
0.96279620
0.95340040
0.94823690
0.96382380
0.98346870
0.99222840
0.99204780
0.97856540
0.96666250
0.98889350
11
0.00000000
0.06666668
0.10000000
0.13333330
0.16666670
0.26666670
0.36666670
0.40000000
0.46666670
0.56666670
0.80000000
-0.00898778
-0.01219574
-0.01365606
-0.01439029
-0.01202429
-0.00802305
-0.00529893
-0.00536939
-0.00919462
-0.01153663
-0.00647548
11
0.00000000
0.06666668
0.10000000
0.13333330
0.16666670
0.26666670
0.36666670
0.40000000
0.46666670
0.56666670
0.80000000
0.04485253
0.04408841
0.04365823
0.04342183
0.04413547
0.04503516
0.04543617
0.04542796
0.04481058
0.04426547
0.04528344
2
0.00000000
0.80000000
1.00000000
1.00000000
2
0.00000000
0.80000000
1.00000000
1.00000000
2
0.00000000
0.80000000
1.00000000
1.00000000
J_L_Skirt_01
2
0.00000000
0.80000000
-0.14191040
-0.14191040
2
0.00000000
0.80000000
0.00000000
0.00000000
2
0.00000000
0.80000000
0.00000000
0.00000000
10
0.00000000
0.03333334
0.16666670
0.26666670
0.33333330
0.40000000
0.56666670
0.70000000
0.76666670
0.80000000
-0.00264142
-0.00182944
-0.00592143
-0.00807650
-0.00509811
-0.00231376
-0.00595091
-0.00809840
-0.00454116
-0.00265625
10
0.00000000
0.03333334
0.16666670
0.26666670
0.33333330
0.40000000
0.56666670
0.70000000
0.76666670
0.80000000
0.03391820
0.03397167
0.03350162
0.03304832
0.03363675
0.03394213
0.03349639
0.03304297
0.03371646
0.03391705
10
0.00000000
0.03333334
0.16666670
0.26666670
0.33333330
0.40000000
0.56666670
0.70000000
0.76666670
0.80000000
-0.12163540
-0.09787510
-0.21735470
-0.28001210
-0.19336800
-0.11205030
-0.21821320
-0.28064760
-0.17712630
-0.12206920
10
0.00000000
0.03333334
0.16666670
0.26666670
0.33333330
0.40000000
0.56666670
0.70000000
0.76666670
0.80000000
0.99199160
0.99461700
0.97549960
0.95939340
0.98053630
0.99312000
0.97530790
0.95920780
0.98360000
0.99193840
2
0.00000000
0.80000000
1.00000000
1.00000000
2
0.00000000
0.80000000
1.00000000
1.00000000
2
0.00000000
0.80000000
1.00000000
1.00000000
J_L_SusoFront_00
2
0.00000000
0.80000000
0.00000000
0.00000000
2
0.00000000
0.80000000
-0.00000003
-0.00000003
2
0.00000000
0.80000000
0.00000000
0.00000000
3
0.00000000
0.23333330
0.80000000
0.00064264
0.00061369
0.00059957
3
0.00000000
0.23333330
0.80000000
-0.00732682
-0.00732855
-0.00732968
3
0.00000000
0.23333330
0.80000000
-0.13242390
-0.12747770
-0.12557580
3
0.00000000
0.23333330
0.80000000
0.99116590
0.99181420
0.99205680
2
0.00000000
0.80000000
0.99999950
0.99999950
2
0.00000000
0.80000000
0.99999950
0.99999950
2
0.00000000
0.80000000
0.99999960
0.99999960
J_L_SkirtBack_00
2
0.00000000
0.80000000
-0.07235061
-0.07235061
2
0.00000000
0.80000000
-0.04127109
-0.04127109
2
0.00000000
0.80000000
0.05315229
0.05315229
6
0.00000000
0.23333330
0.40000000
0.53333340
0.66666670
0.80000000
-0.05518754
-0.05505845
-0.05514338
-0.05505845
-0.05506992
-0.05513706
6
0.00000000
0.23333330
0.40000000
0.53333340
0.66666670
0.80000000
0.00083802
-0.00386442
0.00236111
-0.00386442
-0.00369737
0.00250419
6
0.00000000
0.23333330
0.40000000
0.53333340
0.66666670
0.80000000
0.97504280
0.95318940
0.98060750
0.95318940
0.95408690
0.98109220
6
0.00000000
0.23333330
0.40000000
0.53333340
0.66666670
0.80000000
0.21504670
0.29729370
0.18804950
0.29729370
0.29440070
0.18550410
2
0.00000000
0.80000000
1.00000000
1.00000000
2
0.00000000
0.80000000
1.00000000
1.00000000
2
0.00000000
0.80000000
1.00000000
1.00000000
J_L_SkirtBack_01
2
0.00000000
0.80000000
-0.14993030
-0.14993030
2
0.00000000
0.80000000
0.00000000
0.00000000
2
0.00000000
0.80000000
0.00000000
0.00000000
11
0.00000000
0.03333334
0.13333330
0.23333330
0.26666670
0.33333330
0.40000000
0.56666670
0.70000000
0.76666670
0.80000000
0.00761869
0.00583692
0.01082946
0.01682923
0.01720065
0.01175365
0.00664435
0.01331524
0.01724061
0.01073295
0.00727370
11
0.00000000
0.03333334
0.13333330
0.23333330
0.26666670
0.33333330
0.40000000
0.56666670
0.70000000
0.76666670
0.80000000
-0.06227128
-0.06246348
-0.06179385
-0.06043620
-0.06033154
-0.06162474
-0.06238277
-0.06130629
-0.06032013
-0.06181068
-0.06231252
11
0.00000000
0.03333334
0.13333330
0.23333330
0.26666670
0.33333330
0.40000000
0.56666670
0.70000000
0.76666670
0.80000000
-0.08471988
-0.05628143
-0.13604310
-0.23221960
-0.23818550
-0.15083450
-0.06916487
-0.17584650
-0.23882750
-0.13449890
-0.07921126
11
0.00000000
0.03333334
0.13333330
0.23333330
0.26666670
0.33333330
0.40000000
0.56666670
0.70000000
0.76666670
0.80000000
0.99442790
0.99644200
0.98871460
0.97063810
0.96919140
0.98656640
0.99563070
0.98241660
0.96903340
0.98892580
0.99488190
2
0.00000000
0.80000000
1.00000000
1.00000000
2
0.00000000
0.80000000
1.00000000
1.00000000
2
0.00000000
0.80000000
1.00000000
1.00000000
J_L_SusoBack_00
2
0.00000000
0.80000000
0.00000000
0.00000000
2
0.00000000
0.80000000
0.00000000
0.00000000
2
0.00000000
0.80000000
0.00000000
0.00000000
3
0.00000000
0.23333330
0.80000000
-0.00000509
0.00021888
0.00030496
3
0.00000000
0.23333330
0.80000000
0.04489687
0.04489633
0.04489584
3
0.00000000
0.23333330
0.80000000
-0.09521786
-0.09025587
-0.08834813
3
0.00000000
0.23333330
0.80000000
0.99444350
0.99490610
0.99507730
2
0.00000000
0.80000000
1.00000000
1.00000000
2
0.00000000
0.80000000
1.00000000
1.00000000
2
0.00000000
0.80000000
1.00000000
1.00000000
J_R_Skirt_00
2
0.00000000
0.80000000
-0.06847220
-0.06847220
2
0.00000000
0.80000000
0.07501754
0.07501754
2
0.00000000
0.80000000
-0.05734446
-0.05734446
11
0.00000000
0.10000000
0.23333330
0.36666670
0.40000000
0.46666670
0.50000000
0.53333340
0.56666670
0.70000000
0.80000000
-0.16057680
-0.23199160
-0.22964790
-0.16577630
-0.18038790
-0.29754520
-0.34276040
-0.33603650
-0.28460650
-0.17572310
-0.11165780
11
0.00000000
0.10000000
0.23333330
0.36666670
0.40000000
0.46666670
0.50000000
0.53333340
0.56666670
0.70000000
0.80000000
0.98612100
0.97180210
0.97235860
0.98526020
0.98269000
0.95377480
0.93847470
0.94090330
0.95771530
0.98353490
0.99285050
11
0.00000000
0.10000000
0.23333330
0.36666670
0.40000000
0.46666670
0.50000000
0.53333340
0.56666670
0.70000000
0.80000000
0.00678171
0.00979785
0.00969896
0.00700132
0.00761841
0.01256644
0.01447606
0.01419215
0.01202002
0.00742143
0.00471578
11
0.00000000
0.10000000
0.23333330
0.36666670
0.40000000
0.46666670
0.50000000
0.53333340
0.56666670
0.70000000
0.80000000
-0.04164760
-0.04104282
-0.04106630
-0.04161123
-0.04150263
-0.04028141
-0.03963529
-0.03973783
-0.04044788
-0.04153831
-0.04193173
2
0.00000000
0.80000000
1.00000000
1.00000000
2
0.00000000
0.80000000
1.00000000
1.00000000
2
0.00000000
0.80000000
1.00000000
1.00000000
J_R_Skirt_01
2
0.00000000
0.80000000
-0.14191030
-0.14191030
2
0.00000000
0.80000000
0.00000000
0.00000000
2
0.00000000
0.80000000
0.00000000
0.00000000
10
0.00000000
0.03333334
0.16666670
0.26666670
0.33333330
0.40000000
0.56666670
0.70000000
0.76666670
0.80000000
0.00264141
0.00182943
0.00592141
0.00807648
0.00509810
0.00231375
0.00595089
0.00809837
0.00454115
0.00265624
10
0.00000000
0.03333334
0.16666670
0.26666670
0.33333330
0.40000000
0.56666670
0.70000000
0.76666670
0.80000000
-0.03391813
-0.03397161
-0.03350155
-0.03304826
-0.03363668
-0.03394206
-0.03349633
-0.03304290
-0.03371639
-0.03391698
10
0.00000000
0.03333334
0.16666670
0.26666670
0.33333330
0.40000000
0.56666670
0.70000000
0.76666670
0.80000000
-0.12163460
-0.09787434
-0.21735400
-0.28001140
-0.19336730
-0.11204960
-0.21821240
-0.28064690
-0.17712560
-0.12206840
10
0.00000000
0.03333334
0.16666670
0.26666670
0.33333330
0.40000000
0.56666670
0.70000000
0.76666670
0.80000000
0.99199180
0.99461710
0.97549980
0.95939370
0.98053640
0.99312010
0.97530810
0.95920800
0.98360010
0.99193850
2
0.00000000
0.80000000
1.00000000
1.00000000
2
0.00000000
0.80000000
1.00000000
1.00000000
2
0.00000000
0.80000000
1.00000000
1.00000000
J_R_SusoFront_00
2
0.00000000
0.80000000
0.00000000
0.00000000
2
0.00000000
0.80000000
0.00000000
0.00000000
2
0.00000000
0.80000000
0.00000000
0.00000000
3
0.00000000
0.23333330
0.80000000
-0.00065749
-0.00061368
-0.00059961
3
0.00000000
0.23333330
0.80000000
0.00732380
0.00732835
0.00732951
3
0.00000000
0.23333330
0.80000000
-0.13242350
-0.12747750
-0.12557560
3
0.00000000
0.23333330
0.80000000
0.99116600
0.99181420
0.99205680
2
0.00000000
0.80000000
0.99999950
0.99999950
2
0.00000000
0.80000000
0.99999950
0.99999950
2
0.00000000
0.80000000
0.99999960
0.99999960
J_R_SkirtBack_00
2
0.00000000
0.80000000
-0.07197127
-0.07197127
2
0.00000000
0.80000000
-0.04127112
-0.04127112
2
0.00000000
0.80000000
-0.05366487
-0.05366487
7
0.00000000
0.20000000
0.33333330
0.43333340
0.60000000
0.76666670
0.80000000
0.00160180
-0.00392581
0.00209203
0.00209203
-0.00419544
0.00182365
0.00316305
7
0.00000000
0.20000000
0.33333330
0.43333340
0.60000000
0.76666670
0.80000000
0.05172423
0.05159990
0.05170672
0.05170672
0.05157867
0.05171688
0.05165226
7
0.00000000
0.20000000
0.33333330
0.43333340
0.60000000
0.76666670
0.80000000
-0.21504240
-0.31786270
-0.20578840
-0.20578840
-0.32280640
-0.21085730
-0.18549410
7
0.00000000
0.20000000
0.33333330
0.43333340
0.60000000
0.76666670
0.80000000
0.97523270
0.94672350
0.97722730
0.97722730
0.94504920
0.97614620
0.98128180
2
0.00000000
0.80000000
1.00000000
1.00000000
2
0.00000000
0.80000000
1.00000000
1.00000000
2
0.00000000
0.80000000
1.00000000
1.00000000
J_R_SkirtBack_01
2
0.00000000
0.80000000
0.14993040
0.14993040
2
0.00000000
0.80000000
0.00000000
0.00000000
2
0.00000000
0.80000000
-0.00000001
-0.00000001
11
0.00000000
0.03333334
0.13333330
0.23333330
0.26666670
0.33333330
0.40000000
0.56666670
0.70000000
0.76666670
0.80000000
0.01782084
0.01613460
0.02083743
0.02639605
0.02673670
0.02170040
0.01689982
0.02315304
0.02677332
0.02074717
0.01749503
11
0.00000000
0.03333334
0.13333330
0.23333330
0.26666670
0.33333330
0.40000000
0.56666670
0.70000000
0.76666670
0.80000000
-0.05878111
-0.05926615
-0.05778065
-0.05546215
-0.05529875
-0.05746211
-0.05905250
-0.05689234
-0.05528102
-0.05781312
-0.05887891
11
0.00000000
0.03333334
0.13333330
0.23333330
0.26666670
0.33333330
0.40000000
0.56666670
0.70000000
0.76666670
0.80000000
-0.08406599
-0.05562387
-0.13539720
-0.23159360
-0.23756090
-0.15019120
-0.06850891
-0.17520800
-0.23820300
-0.13385270
-0.07855661
11
0.00000000
0.03333334
0.13333330
0.23333330
0.26666670
0.33333330
0.40000000
0.56666670
0.70000000
0.76666670
0.80000000
0.99456530
0.99656070
0.98888560
0.97087160
0.96942870
0.98674710
0.99575790
0.98261350
0.96927110
0.98909590
0.99501560
2
0.00000000
0.80000000
1.00000000
1.00000000
2
0.00000000
0.80000000
1.00000000
1.00000000
2
0.00000000
0.80000000
1.00000000
1.00000000
J_R_SusoBack_00
2
0.00000000
0.80000000
0.00000000
0.00000000
2
0.00000000
0.80000000
0.00000000
0.00000000
2
0.00000000
0.80000000
0.00000000
0.00000000
3
0.00000000
0.23333330
0.80000000
-0.00000509
0.00021888
0.00030496
3
0.00000000
0.23333330
0.80000000
0.04489688
0.04489635
0.04489585
3
0.00000000
0.23333330
0.80000000
-0.09521786
-0.09025587
-0.08834813
3
0.00000000
0.23333330
0.80000000
0.99444350
0.99490610
0.99507730
2
0.00000000
0.80000000
1.00000000
1.00000000
2
0.00000000
0.80000000
1.00000000
1.00000000
2
0.00000000
0.80000000
1.00000000
1.00000000
