111 MTH_DEF
1
0.00000000
1.28945800
1
0.00000000
-0.16327990
1
0.00000000
-0.01346737
1
0.00000000
-0.47192220
1
0.00000000
0.54678040
1
0.00000000
0.45703630
1
0.00000000
0.51907460
1
0.00000000
1.00000100
1
0.00000000
1.00000100
1
0.00000000
1.00000100
EYE_DEF
1
0.00000000
1.28945800
1
0.00000000
-0.16327990
1
0.00000000
-0.01346737
1
0.00000000
-0.47192220
1
0.00000000
0.54678040
1
0.00000000
0.45703630
1
0.00000000
0.51907460
1
0.00000000
1.00000100
1
0.00000000
1.00000100
1
0.00000000
1.00000100
EL_DEF
1
0.00000000
0.00000000
1
0.00000000
0.00000000
1
0.00000000
0.00000000
1
0.00000000
0.00000000
1
0.00000000
0.00000000
1
0.00000000
0.00000000
1
0.00000000
1.00000000
1
0.00000000
1.00000000
1
0.00000000
1.00000000
1
0.00000000
1.00000000
BLW_DEF
1
0.00000000
1.28945800
1
0.00000000
-0.16327990
1
0.00000000
-0.01346737
1
0.00000000
-0.47192220
1
0.00000000
0.54678040
1
0.00000000
0.45703630
1
0.00000000
0.51907460
1
0.00000000
1.00000100
1
0.00000000
1.00000100
1
0.00000000
1.00000100
Character1_Hips
24
0.00000000
0.03333334
0.06666666
0.10000000
0.13333330
0.16666670
0.20000000
0.23333330
0.26666670
0.30000000
0.33333330
0.36666670
0.40000000
0.43333330
0.46666670
0.50000000
0.53333330
0.60000000
0.63333330
0.66666660
0.70000000
0.73333330
0.76666670
0.80000000
0.11970180
0.12059120
0.12073520
0.12013600
0.11907730
0.11752810
0.11572830
0.11395110
0.11231090
0.11075030
0.10917880
0.10830230
0.10871340
0.11117780
0.11423850
0.11696250
0.11934410
0.12083570
0.12064470
0.12047120
0.12018930
0.11976610
0.11929680
0.11900870
24
0.00000000
0.03333334
0.06666666
0.10000000
0.13333330
0.16666670
0.20000000
0.23333330
0.26666670
0.30000000
0.33333330
0.36666670
0.40000000
0.43333330
0.46666670
0.50000000
0.53333330
0.60000000
0.63333330
0.66666660
0.70000000
0.73333330
0.76666670
0.80000000
0.82594950
0.82875940
0.83866800
0.85332520
0.86314950
0.86278700
0.86102190
0.84737430
0.82976590
0.82735120
0.82584380
0.82544390
0.82550080
0.82705550
0.83218940
0.84656150
0.86002650
0.86307440
0.86249490
0.85322260
0.83975560
0.83017130
0.82652250
0.82543390
24
0.00000000
0.03333334
0.06666666
0.10000000
0.13333330
0.16666670
0.20000000
0.23333330
0.26666670
0.30000000
0.33333330
0.36666670
0.40000000
0.43333330
0.46666670
0.50000000
0.53333330
0.60000000
0.63333330
0.66666660
0.70000000
0.73333330
0.76666670
0.80000000
-0.00675921
0.00088102
0.00708777
0.01051809
0.01213726
0.01037997
0.00713244
0.00356579
0.00010308
-0.00345358
-0.00707266
-0.00889149
-0.00752141
-0.00088179
0.00610230
0.00954589
0.01154257
0.01106712
0.00890328
0.00524367
0.00095186
-0.00402177
-0.00885797
-0.01164196
2
0.00000000
0.80000000
-0.34627350
-0.34627300
2
0.00000000
0.80000000
0.42686580
0.42686550
2
0.00000000
0.80000000
0.70195130
0.70195200
2
0.00000000
0.80000000
-0.45292900
-0.45292860
2
0.00000000
0.80000000
0.99999940
0.99999940
2
0.00000000
0.80000000
0.99999930
0.99999930
2
0.00000000
0.80000000
0.99999960
0.99999960
Character1_LeftUpLeg
1
0.00000000
0.06031916
1
0.00000000
0.00207883
1
0.00000000
0.07298301
22
0.00000000
0.03333334
0.06666668
0.10000000
0.13333330
0.16666670
0.20000000
0.23333330
0.26666670
0.33333330
0.40000000
0.43333340
0.46666670
0.50000000
0.53333340
0.56666670
0.60000000
0.63333330
0.70000000
0.73333330
0.76666670
0.80000000
-0.34872410
-0.39481870
-0.45416960
-0.52119750
-0.53100340
-0.45206230
-0.34951050
-0.30734860
-0.25067330
-0.25293310
-0.17207140
-0.07257325
0.01968126
0.07659417
0.13743190
0.18981880
0.15928980
0.04570555
-0.12713480
-0.21998590
-0.29567640
-0.28687860
22
0.00000000
0.03333334
0.06666668
0.10000000
0.13333330
0.16666670
0.20000000
0.23333330
0.26666670
0.33333330
0.40000000
0.43333340
0.46666670
0.50000000
0.53333340
0.56666670
0.60000000
0.63333330
0.70000000
0.73333330
0.76666670
0.80000000
0.92504780
0.90754330
0.88098750
0.84482890
0.84039430
0.88621050
0.93097200
0.94430250
0.95858190
0.95488610
0.96904370
0.97908870
0.97911920
0.97395310
0.96513040
0.95512060
0.96093730
0.97553570
0.97595200
0.96125240
0.94169220
0.94441000
22
0.00000000
0.03333334
0.06666668
0.10000000
0.13333330
0.16666670
0.20000000
0.23333330
0.26666670
0.33333330
0.40000000
0.43333340
0.46666670
0.50000000
0.53333340
0.56666670
0.60000000
0.63333330
0.70000000
0.73333330
0.76666670
0.80000000
-0.12454530
-0.11632170
-0.11120310
-0.11020500
-0.10580960
-0.10128880
-0.10535910
-0.11521260
-0.12779890
-0.13568020
-0.14360440
-0.15094750
-0.15790610
-0.16180730
-0.16405620
-0.16311720
-0.15261130
-0.15227980
-0.11707720
-0.11233020
-0.12262500
-0.13202970
22
0.00000000
0.03333334
0.06666668
0.10000000
0.13333330
0.16666670
0.20000000
0.23333330
0.26666670
0.33333330
0.40000000
0.43333340
0.46666670
0.50000000
0.53333340
0.56666670
0.60000000
0.63333330
0.70000000
0.73333330
0.76666670
0.80000000
-0.08465566
-0.08338281
-0.07228397
-0.04972173
-0.02402934
-0.00335021
-0.00573656
-0.02357285
-0.04417187
-0.07621212
-0.10355490
-0.11547010
-0.12650640
-0.13916640
-0.15073580
-0.15845000
-0.16714120
-0.15182870
-0.13284340
-0.12240090
-0.10370390
-0.09142510
2
0.00000000
0.80000000
1.00000000
1.00000000
2
0.00000000
0.80000000
1.00000000
1.00000000
2
0.00000000
0.80000000
1.00000000
1.00000000
Character1_LeftLeg
1
0.00000000
-0.35179780
1
0.00000000
-0.00801095
1
0.00000000
0.00514626
25
0.00000000
0.03333334
0.06666668
0.10000000
0.13333330
0.16666670
0.20000000
0.23333330
0.26666670
0.30000000
0.33333330
0.36666670
0.40000000
0.43333340
0.46666670
0.50000000
0.53333340
0.56666670
0.60000000
0.63333330
0.66666670
0.70000000
0.73333330
0.76666670
0.80000000
-0.09793598
-0.06690897
-0.06042528
-0.08697161
-0.14431570
-0.19200710
-0.20172900
-0.19857870
-0.19489320
-0.19102240
-0.18800500
-0.18504380
-0.18335410
-0.18033150
-0.17527210
-0.16973690
-0.16312160
-0.15563060
-0.14448530
-0.13512130
-0.10460260
-0.07543846
-0.06478424
-0.08599067
-0.13054920
25
0.00000000
0.03333334
0.06666668
0.10000000
0.13333330
0.16666670
0.20000000
0.23333330
0.26666670
0.30000000
0.33333330
0.36666670
0.40000000
0.43333340
0.46666670
0.50000000
0.53333340
0.56666670
0.60000000
0.63333330
0.66666670
0.70000000
0.73333330
0.76666670
0.80000000
0.00753760
0.01926825
0.01220702
-0.02383414
-0.05791319
-0.03333233
-0.00380691
-0.00087180
0.00129052
-0.01082060
-0.02025707
-0.01958597
-0.01609342
-0.00322957
0.00585416
0.00748493
0.00889707
0.00951322
-0.00112473
0.03761113
0.05123112
0.05873796
0.05411661
0.03119816
-0.01197283
25
0.00000000
0.03333334
0.06666668
0.10000000
0.13333330
0.16666670
0.20000000
0.23333330
0.26666670
0.30000000
0.33333330
0.36666670
0.40000000
0.43333340
0.46666670
0.50000000
0.53333340
0.56666670
0.60000000
0.63333330
0.66666670
0.70000000
0.73333330
0.76666670
0.80000000
0.60667530
0.68167510
0.69204330
0.63700990
0.47309810
0.21581990
0.03291071
0.04515003
0.04822977
0.12059490
0.19441140
0.22126240
0.20254310
0.11503070
0.04121973
0.03950042
0.03527079
0.03255029
0.14839900
0.37989470
0.54686440
0.66011740
0.71795440
0.66198370
0.48925220
25
0.00000000
0.03333334
0.06666668
0.10000000
0.13333330
0.16666670
0.20000000
0.23333330
0.26666670
0.30000000
0.33333330
0.36666670
0.40000000
0.43333340
0.46666670
0.50000000
0.53333340
0.56666670
0.60000000
0.63333330
0.66666670
0.70000000
0.73333330
0.76666670
0.80000000
0.78885790
0.72833450
0.71921890
0.76556280
0.86717770
0.95678840
0.97888090
0.97904400
0.97963710
0.97408940
0.96252170
0.95729730
0.96182050
0.97685110
0.98363940
0.98466900
0.98593520
0.98723300
0.97831510
0.91433450
0.82907960
0.74505300
0.69095280
0.74391530
0.86223310
2
0.00000000
0.80000000
0.99999950
0.99999950
2
0.00000000
0.80000000
0.99999950
0.99999950
2
0.00000000
0.80000000
0.99999940
0.99999940
Character1_LeftFoot
1
0.00000000
-0.37866630
1
0.00000000
0.00382815
1
0.00000000
-0.00377702
19
0.00000000
0.06666668
0.10000000
0.13333330
0.16666670
0.20000000
0.23333330
0.26666670
0.33333330
0.43333340
0.50000000
0.53333340
0.56666670
0.60000000
0.63333330
0.70000000
0.73333330
0.76666670
0.80000000
-0.03537337
-0.04184716
-0.04419149
-0.04028095
-0.02948070
-0.02017975
-0.01769518
-0.01763634
-0.02042716
-0.01336914
-0.01008449
-0.01043755
-0.01049908
-0.01126253
-0.01638667
-0.02508425
-0.02489801
-0.03080047
-0.03153171
19
0.00000000
0.06666668
0.10000000
0.13333330
0.16666670
0.20000000
0.23333330
0.26666670
0.33333330
0.43333340
0.50000000
0.53333340
0.56666670
0.60000000
0.63333330
0.70000000
0.73333330
0.76666670
0.80000000
0.13160310
0.15643670
0.16651850
0.15441350
0.11105930
0.07600417
0.07045112
0.06371963
0.08149873
0.05427523
0.03607923
0.03181430
0.02891973
0.04309386
0.04958592
0.07699879
0.09736244
0.11556400
0.12009810
19
0.00000000
0.06666668
0.10000000
0.13333330
0.16666670
0.20000000
0.23333330
0.26666670
0.33333330
0.43333340
0.50000000
0.53333340
0.56666670
0.60000000
0.63333330
0.70000000
0.73333330
0.76666670
0.80000000
-0.19063720
-0.08364787
-0.16905350
-0.28504240
-0.30997780
-0.23193610
-0.22863460
-0.23601590
-0.33250510
-0.35355560
-0.20153020
-0.06718504
0.06312903
0.11539340
0.06444949
-0.02452158
-0.05942871
-0.16268850
-0.26179040
19
0.00000000
0.06666668
0.10000000
0.13333330
0.16666670
0.20000000
0.23333330
0.26666670
0.33333330
0.43333340
0.50000000
0.53333340
0.56666670
0.60000000
0.63333330
0.70000000
0.73333330
0.76666670
0.80000000
0.97215570
0.98324940
0.97043270
0.94513740
0.94377460
0.96954720
0.97079860
0.96949740
0.93935140
0.93374190
0.97876570
0.99717860
0.99753110
0.99232080
0.99655360
0.99641390
0.99316110
0.97940220
0.95710400
2
0.00000000
0.80000000
0.99999990
0.99999990
2
0.00000000
0.80000000
0.99999960
0.99999960
2
0.00000000
0.80000000
1.00000000
1.00000000
Character1_LeftToeBase
1
0.00000000
-0.08429568
1
0.00000000
0.04771042
1
0.00000000
-0.00392169
2
0.00000000
0.80000000
-0.02381142
-0.02381142
2
0.00000000
0.80000000
0.01439191
0.01439191
2
0.00000000
0.80000000
-0.51871630
-0.51871630
2
0.00000000
0.80000000
0.85449360
0.85449360
2
0.00000000
0.80000000
1.00000000
1.00000000
2
0.00000000
0.80000000
0.99999980
0.99999980
2
0.00000000
0.80000000
1.00000000
1.00000000
Character1_RightUpLeg
1
0.00000000
0.06083579
1
0.00000000
0.00207879
1
0.00000000
-0.07255261
19
0.00000000
0.10000000
0.13333330
0.16666670
0.20000000
0.23333330
0.26666670
0.30000000
0.33333330
0.40000000
0.46666670
0.50000000
0.53333340
0.56666670
0.60000000
0.63333330
0.70000000
0.76666670
0.80000000
-0.23355100
-0.03339962
0.04383396
0.04728521
-0.00896683
-0.04792359
-0.06422555
-0.14430730
-0.25623610
-0.40040710
-0.53811450
-0.59455040
-0.58807130
-0.50688140
-0.34018210
-0.28804900
-0.31501240
-0.30569520
-0.27331570
19
0.00000000
0.10000000
0.13333330
0.16666670
0.20000000
0.23333330
0.26666670
0.30000000
0.33333330
0.40000000
0.46666670
0.50000000
0.53333340
0.56666670
0.60000000
0.63333330
0.70000000
0.76666670
0.80000000
0.96952930
0.99388370
0.99239530
0.99300810
0.99644460
0.99673920
0.99626530
0.98751440
0.96415280
0.91385370
0.84122400
0.80284210
0.80802070
0.86143180
0.93963450
0.95613490
0.94663490
0.94944950
0.95927980
19
0.00000000
0.10000000
0.13333330
0.16666670
0.20000000
0.23333330
0.26666670
0.30000000
0.33333330
0.40000000
0.46666670
0.50000000
0.53333340
0.56666670
0.60000000
0.63333330
0.70000000
0.76666670
0.80000000
-0.05098546
-0.06262521
-0.06459201
-0.06074277
-0.05321182
-0.04634146
-0.04456115
-0.05059352
-0.05531316
-0.05580826
-0.04754702
-0.04246389
-0.03559188
-0.03172440
-0.03327693
-0.04081562
-0.04902562
-0.05290571
-0.05321495
19
0.00000000
0.10000000
0.13333330
0.16666670
0.20000000
0.23333330
0.26666670
0.30000000
0.33333330
0.40000000
0.46666670
0.50000000
0.53333340
0.56666670
0.60000000
0.63333330
0.70000000
0.76666670
0.80000000
-0.05354720
-0.08460359
-0.09517347
-0.08949514
-0.06470098
-0.04546177
-0.03667247
-0.03782885
-0.04114639
-0.03782844
-0.02267591
-0.01230013
0.00282547
0.00017866
-0.01599679
-0.03417702
-0.04739267
-0.04792737
-0.04742214
2
0.00000000
0.80000000
1.00000000
1.00000000
2
0.00000000
0.80000000
1.00000000
1.00000000
2
0.00000000
0.80000000
1.00000000
1.00000000
Character1_RightLeg
1
0.00000000
-0.35136370
1
0.00000000
-0.00801128
1
0.00000000
-0.01823371
22
0.00000000
0.06666668
0.10000000
0.13333330
0.16666670
0.20000000
0.23333330
0.26666670
0.33333330
0.36666670
0.40000000
0.43333340
0.46666670
0.50000000
0.53333340
0.56666670
0.60000000
0.63333330
0.66666670
0.70000000
0.76666670
0.80000000
-0.15574770
-0.11330490
-0.08863984
-0.06027749
-0.02395276
0.00897737
0.03625644
0.04191739
0.00543984
-0.00381525
-0.01122714
-0.00546920
-0.00719633
-0.03485535
-0.10128420
-0.16475400
-0.19872230
-0.19682200
-0.19463040
-0.18965870
-0.18259180
-0.18139470
22
0.00000000
0.06666668
0.10000000
0.13333330
0.16666670
0.20000000
0.23333330
0.26666670
0.33333330
0.36666670
0.40000000
0.43333340
0.46666670
0.50000000
0.53333340
0.56666670
0.60000000
0.63333330
0.66666670
0.70000000
0.76666670
0.80000000
-0.01775176
0.01253709
0.01824674
0.02146296
0.04658232
0.10348850
0.14539700
0.15929060
0.12130050
0.08662072
0.07298243
0.07480332
0.06815562
0.01189298
-0.03354353
-0.04229269
-0.01023522
-0.01244273
-0.02402672
-0.03614441
-0.03815665
-0.03440671
22
0.00000000
0.06666668
0.10000000
0.13333330
0.16666670
0.20000000
0.23333330
0.26666670
0.33333330
0.36666670
0.40000000
0.43333340
0.46666670
0.50000000
0.53333340
0.56666670
0.60000000
0.63333330
0.66666670
0.70000000
0.76666670
0.80000000
0.36810820
0.33385930
0.28052210
0.22900260
0.29108730
0.45219090
0.58206500
0.63969790
0.65604680
0.63331870
0.66622900
0.76241170
0.81982790
0.77480210
0.62796870
0.38063830
0.03458392
0.04594727
0.11801880
0.22521890
0.34465630
0.35560480
22
0.00000000
0.06666668
0.10000000
0.13333330
0.16666670
0.20000000
0.23333330
0.26666670
0.33333330
0.36666670
0.40000000
0.43333340
0.46666670
0.50000000
0.53333340
0.56666670
0.60000000
0.63333330
0.66666670
0.70000000
0.76666670
0.80000000
0.91647360
0.93570450
0.95557180
0.97132070
0.95526150
0.88585150
0.79921560
0.75077030
0.74488870
0.76901870
0.74208250
0.64273100
0.56849400
0.63113020
0.77089020
0.90894550
0.97939200
0.97928300
0.97345440
0.95498670
0.92000890
0.91621910
2
0.00000000
0.80000000
1.00000000
1.00000000
2
0.00000000
0.80000000
1.00000000
1.00000000
2
0.00000000
0.80000000
1.00000000
1.00000000
Character1_RightFoot
1
0.00000000
-0.37854540
1
0.00000000
0.00382444
1
0.00000000
-0.01031455
20
0.00000000
0.06666668
0.10000000
0.13333330
0.16666670
0.23333330
0.26666670
0.33333330
0.36666670
0.40000000
0.43333340
0.46666670
0.50000000
0.53333340
0.56666670
0.60000000
0.63333330
0.66666670
0.73333330
0.80000000
-0.03290818
-0.03565671
-0.03924641
-0.04359889
-0.04797371
-0.03928509
-0.03575259
-0.04424492
-0.05077650
-0.04985452
-0.04910876
-0.04640514
-0.04659636
-0.03916335
-0.03395485
-0.01775726
-0.01771130
-0.02055517
-0.02696333
-0.03211008
20
0.00000000
0.06666668
0.10000000
0.13333330
0.16666670
0.23333330
0.26666670
0.33333330
0.36666670
0.40000000
0.43333340
0.46666670
0.50000000
0.53333340
0.56666670
0.60000000
0.63333330
0.66666670
0.73333330
0.80000000
0.13434620
0.12590670
0.12502910
0.12851830
0.13262220
0.10358150
0.08760943
0.12170000
0.14187530
0.14965690
0.15550920
0.15865670
0.17049770
0.15255150
0.11171740
0.05521020
0.06190294
0.07801922
0.11515410
0.13802180
20
0.00000000
0.06666668
0.10000000
0.13333330
0.16666670
0.23333330
0.26666670
0.33333330
0.36666670
0.40000000
0.43333340
0.46666670
0.50000000
0.53333340
0.56666670
0.60000000
0.63333330
0.66666670
0.73333330
0.80000000
-0.34196790
-0.16470310
-0.03877276
0.09135313
0.16482720
0.18651910
0.16730700
0.19139600
0.20483870
0.15476870
0.02778123
-0.09644121
-0.16496460
-0.22660790
-0.24923380
-0.15532860
-0.21338340
-0.26269050
-0.36328390
-0.40061690
20
0.00000000
0.06666668
0.10000000
0.13333330
0.16666670
0.23333330
0.26666670
0.33333330
0.36666670
0.40000000
0.43333340
0.46666670
0.50000000
0.53333340
0.56666670
0.60000000
0.63333330
0.66666670
0.73333330
0.80000000
0.92947630
0.97762420
0.99061810
0.98652770
0.97618750
0.97618560
0.98135350
0.97293320
0.96712680
0.97527640
0.98622180
0.98151610
0.97033300
0.96116760
0.96137860
0.98615900
0.97484450
0.96150100
0.92414140
0.90522100
2
0.00000000
0.80000000
0.99999970
0.99999970
2
0.00000000
0.80000000
0.99999950
0.99999950
2
0.00000000
0.80000000
0.99999980
0.99999980
Character1_RightToeBase
1
0.00000000
-0.08439235
1
0.00000000
0.04766033
1
0.00000000
0.00202567
2
0.00000000
0.80000000
-0.00003086
-0.00003086
2
0.00000000
0.80000000
-0.00005088
-0.00005088
2
0.00000000
0.80000000
-0.51891710
-0.51891710
2
0.00000000
0.80000000
0.85482460
0.85482460
2
0.00000000
0.80000000
1.00000000
1.00000000
2
0.00000000
0.80000000
0.99999980
0.99999980
2
0.00000000
0.80000000
0.99999990
0.99999990
Character1_Spine
1
0.00000000
-0.02271334
1
0.00000000
0.00818150
1
0.00000000
-0.00008070
5
0.00000000
0.20000000
0.43333340
0.70000000
0.80000000
0.04420368
0.04238134
0.04399611
0.04296687
0.04419243
5
0.00000000
0.20000000
0.43333340
0.70000000
0.80000000
0.05588285
0.05717654
0.05594190
0.05672994
0.05579031
5
0.00000000
0.20000000
0.43333340
0.70000000
0.80000000
-0.00454371
-0.03711621
-0.00857546
-0.02671982
-0.00513182
5
0.00000000
0.20000000
0.43333340
0.70000000
0.80000000
0.99744800
0.99677330
0.99742730
0.99710670
0.99745080
2
0.00000000
0.80000000
1.00000000
1.00000000
2
0.00000000
0.80000000
1.00000000
1.00000000
2
0.00000000
0.80000000
1.00000000
1.00000000
Character1_Spine1
1
0.00000000
-0.09134354
1
0.00000000
0.00175515
1
0.00000000
-0.00000001
5
0.00000000
0.23333330
0.46666670
0.70000000
0.80000000
-0.01218054
-0.01223313
-0.01219260
-0.01222033
-0.01217613
5
0.00000000
0.23333330
0.46666670
0.70000000
0.80000000
-0.00283678
-0.00259445
-0.00277425
-0.00264739
-0.00285971
5
0.00000000
0.23333330
0.46666670
0.70000000
0.80000000
-0.04488705
-0.02510580
-0.03983874
-0.02947037
-0.04677737
5
0.00000000
0.23333330
0.46666670
0.70000000
0.80000000
0.99891380
0.99960660
0.99912790
0.99948750
0.99882700
2
0.00000000
0.80000000
1.00000000
1.00000000
2
0.00000000
0.80000000
1.00000000
1.00000000
2
0.00000000
0.80000000
1.00000000
1.00000000
Character1_Spine2
1
0.00000000
-0.08766678
1
0.00000000
-0.00030447
1
0.00000000
-0.00000002
5
0.00000000
0.20000000
0.43333340
0.70000000
0.80000000
-0.15867630
-0.12158090
-0.17281540
-0.19359060
-0.16131750
5
0.00000000
0.20000000
0.43333340
0.70000000
0.80000000
-0.03309442
-0.01458608
-0.03871929
-0.04114955
-0.03569381
5
0.00000000
0.20000000
0.43333340
0.70000000
0.80000000
-0.01265996
-0.00954609
-0.00858742
-0.01604825
-0.00596624
5
0.00000000
0.20000000
0.43333340
0.70000000
0.80000000
0.98669460
0.99242840
0.98415540
0.98008770
0.98623880
2
0.00000000
0.80000000
0.99999970
0.99999970
2
0.00000000
0.80000000
0.99999970
0.99999970
2
0.00000000
0.80000000
1.00000000
1.00000000
Character1_LeftShoulder
1
0.00000000
-0.12236680
1
0.00000000
-0.00139498
1
0.00000000
0.04222679
3
0.00000000
0.60000000
0.80000000
0.16056140
0.16067250
0.16271970
3
0.00000000
0.60000000
0.80000000
0.69552830
0.69603990
0.70550570
3
0.00000000
0.60000000
0.80000000
-0.06196245
-0.06190764
-0.06088485
3
0.00000000
0.60000000
0.80000000
0.69758230
0.69705100
0.68707860
2
0.00000000
0.80000000
0.99999990
0.99999990
2
0.00000000
0.80000000
1.00000000
1.00000000
2
0.00000000
0.80000000
1.00000000
1.00000000
Character1_LeftArm
1
0.00000000
-0.05543689
1
0.00000000
-0.00000005
1
0.00000000
0.00000092
8
0.00000000
0.10000000
0.20000000
0.36666670
0.56666670
0.66666670
0.76666670
0.80000000
0.12877220
0.05672436
0.02709634
0.06320447
0.12773380
0.13073210
0.13893150
0.14038020
8
0.00000000
0.10000000
0.20000000
0.36666670
0.56666670
0.66666670
0.76666670
0.80000000
0.54541340
0.57112080
0.57934650
0.54433270
0.51435630
0.52004540
0.53605260
0.53798210
8
0.00000000
0.10000000
0.20000000
0.36666670
0.56666670
0.66666670
0.76666670
0.80000000
-0.04039690
0.08139766
0.13362550
-0.03926734
-0.24934560
-0.19567430
-0.06929126
-0.05494184
8
0.00000000
0.10000000
0.20000000
0.36666670
0.56666670
0.66666670
0.76666670
0.80000000
0.82723030
0.81484830
0.80359670
0.83556280
0.81052360
0.82108070
0.82978580
0.82936730
2
0.00000000
0.80000000
0.99999970
0.99999970
2
0.00000000
0.80000000
0.99999990
0.99999990
2
0.00000000
0.80000000
0.99999980
0.99999980
Character1_LeftForeArm
1
0.00000000
-0.23377720
1
0.00000000
0.00001719
1
0.00000000
0.00001175
9
0.00000000
0.03333334
0.06666668
0.10000000
0.16666670
0.23333330
0.46666670
0.66666670
0.80000000
-0.10872830
-0.11117290
-0.09961538
-0.08786085
-0.08158479
-0.08602788
-0.14404180
-0.14389490
-0.11358410
9
0.00000000
0.03333334
0.06666668
0.10000000
0.16666670
0.23333330
0.46666670
0.66666670
0.80000000
0.00714054
0.00165174
0.00845830
0.01441314
0.01243234
0.01140128
-0.01428676
-0.02589505
0.00320770
9
0.00000000
0.03333334
0.06666668
0.10000000
0.16666670
0.23333330
0.46666670
0.66666670
0.80000000
-0.75287630
-0.70485990
-0.65592640
-0.58282280
-0.49272540
-0.50156590
-0.65479530
-0.75108070
-0.76915160
9
0.00000000
0.03333334
0.06666668
0.10000000
0.16666670
0.23333330
0.46666670
0.66666670
0.80000000
0.64907970
0.70057860
0.74817500
0.80770680
0.86626270
0.86075600
0.74181590
0.64381800
0.62888320
2
0.00000000
0.80000000
1.00000000
1.00000000
2
0.00000000
0.80000000
0.99999990
0.99999990
2
0.00000000
0.80000000
1.00000000
1.00000000
Character1_LeftHand
1
0.00000000
-0.16248190
1
0.00000000
-0.00000064
1
0.00000000
0.00000025
7
0.00000000
0.13333330
0.16666670
0.23333330
0.56666670
0.73333330
0.80000000
0.03948943
-0.00547733
-0.01854752
-0.00949180
0.04770931
0.05060554
0.05009707
7
0.00000000
0.13333330
0.16666670
0.23333330
0.56666670
0.73333330
0.80000000
0.04739245
-0.04379976
-0.06989124
-0.04972549
0.07826412
0.07460249
0.06894298
7
0.00000000
0.13333330
0.16666670
0.23333330
0.56666670
0.73333330
0.80000000
-0.10312080
-0.26850680
-0.31436070
-0.29663800
-0.16970630
-0.09406592
-0.06301010
7
0.00000000
0.13333330
0.16666670
0.23333330
0.56666670
0.73333330
0.80000000
0.99275410
0.96226590
0.94654560
0.95364730
0.98122290
0.99147620
0.99436760
2
0.00000000
0.80000000
1.00000000
1.00000000
2
0.00000000
0.80000000
1.00000000
1.00000000
2
0.00000000
0.80000000
1.00000000
1.00000000
Character1_LeftHandThumb1
1
0.00000000
-0.02476070
1
0.00000000
0.01826633
1
0.00000000
0.01423601
2
0.00000000
0.80000000
0.81820160
0.81820180
2
0.00000000
0.80000000
-0.15433390
-0.15433360
2
0.00000000
0.80000000
-0.28779580
-0.28779490
2
0.00000000
0.80000000
0.47318150
0.47318190
2
0.00000000
0.80000000
0.99999960
0.99999960
2
0.00000000
0.80000000
0.99999990
0.99999990
2
0.00000000
0.80000000
1.00000000
1.00000000
Character1_LeftHandThumb2
1
0.00000000
-0.03214544
1
0.00000000
0.00198593
1
0.00000000
0.00152295
2
0.00000000
0.80000000
-0.00077308
-0.00077319
2
0.00000000
0.80000000
0.16337230
0.16337220
2
0.00000000
0.80000000
-0.09088110
-0.09088098
2
0.00000000
0.80000000
0.98236940
0.98236940
2
0.00000000
0.80000000
0.99999990
0.99999990
2
0.00000000
0.80000000
1.00000000
1.00000000
2
0.00000000
0.80000000
0.99999980
0.99999980
Character1_LeftHandThumb3
1
0.00000000
-0.01756597
1
0.00000000
-0.00100338
1
0.00000000
0.00008474
2
0.00000000
0.80000000
-0.01560814
-0.01560853
2
0.00000000
0.80000000
0.21749150
0.21749140
2
0.00000000
0.80000000
-0.01221724
-0.01221740
2
0.00000000
0.80000000
0.97586100
0.97586100
2
0.00000000
0.80000000
0.99999990
0.99999990
2
0.00000000
0.80000000
1.00000000
1.00000000
2
0.00000000
0.80000000
1.00000000
1.00000000
Character1_LeftHandThumb4
1
0.00000000
-0.02630421
1
0.00000000
-0.00114385
1
0.00000000
-0.00057086
2
0.00000000
0.80000000
-0.02557532
-0.02557532
2
0.00000000
0.80000000
-0.01064174
-0.01064174
2
0.00000000
0.80000000
0.02615063
0.02615063
2
0.00000000
0.80000000
0.99927410
0.99927410
2
0.00000000
0.80000000
1.00000100
1.00000100
2
0.00000000
0.80000000
1.00000000
1.00000000
2
0.00000000
0.80000000
1.00000000
1.00000000
Character1_LeftHandIndex1
1
0.00000000
-0.08074935
1
0.00000000
0.02571336
1
0.00000000
-0.00142829
2
0.00000000
0.80000000
0.17928770
0.17928790
2
0.00000000
0.80000000
0.11765900
0.11765840
2
0.00000000
0.80000000
0.17525680
0.17525730
2
0.00000000
0.80000000
0.96088360
0.96088360
2
0.00000000
0.80000000
0.99999920
0.99999920
2
0.00000000
0.80000000
0.99999990
0.99999990
2
0.00000000
0.80000000
0.99999970
0.99999970
Character1_LeftHandIndex2
1
0.00000000
-0.02426037
1
0.00000000
0.00250706
1
0.00000000
-0.00118660
2
0.00000000
0.80000000
0.00667483
0.00667473
2
0.00000000
0.80000000
0.39673990
0.39673980
2
0.00000000
0.80000000
-0.00042893
-0.00042836
2
0.00000000
0.80000000
0.91790680
0.91790680
2
0.00000000
0.80000000
0.99999990
0.99999990
2
0.00000000
0.80000000
0.99999980
0.99999980
2
0.00000000
0.80000000
0.99999980
0.99999980
Character1_LeftHandIndex3
1
0.00000000
-0.01609668
1
0.00000000
0.00011821
1
0.00000000
-0.00045832
2
0.00000000
0.80000000
0.03006426
0.03006353
2
0.00000000
0.80000000
0.53820410
0.53820460
2
0.00000000
0.80000000
0.03332296
0.03332416
2
0.00000000
0.80000000
0.84161880
0.84161850
2
0.00000000
0.80000000
0.99999990
0.99999990
2
0.00000000
0.80000000
0.99999990
0.99999990
2
0.00000000
0.80000000
0.99999990
0.99999990
Character1_LeftHandIndex4
1
0.00000000
-0.02124970
1
0.00000000
0.00100698
1
0.00000000
0.00163699
2
0.00000000
0.80000000
-0.71534960
-0.71534960
2
0.00000000
0.80000000
-0.02409541
-0.02409541
2
0.00000000
0.80000000
0.02390490
0.02390490
2
0.00000000
0.80000000
0.69794190
0.69794190
2
0.00000000
0.80000000
1.00000000
1.00000000
2
0.00000000
0.80000000
0.99999950
0.99999950
2
0.00000000
0.80000000
0.99999950
0.99999950
Character1_LeftHandMiddle1
1
0.00000000
-0.08069598
1
0.00000000
0.00582164
1
0.00000000
-0.00602124
2
0.00000000
0.80000000
0.09069674
0.09069662
2
0.00000000
0.80000000
0.08381429
0.08381447
2
0.00000000
0.80000000
0.08720880
0.08720909
2
0.00000000
0.80000000
0.98850590
0.98850580
2
0.00000000
0.80000000
0.99999980
0.99999980
2
0.00000000
0.80000000
1.00000000
1.00000000
2
0.00000000
0.80000000
0.99999990
0.99999990
Character1_LeftHandMiddle2
1
0.00000000
-0.02506312
1
0.00000000
0.00148199
1
0.00000000
0.00379354
2
0.00000000
0.80000000
-0.01497207
-0.01497231
2
0.00000000
0.80000000
0.58708650
0.58708680
2
0.00000000
0.80000000
0.06528539
0.06528471
2
0.00000000
0.80000000
0.80674840
0.80674840
2
0.00000000
0.80000000
0.99999960
0.99999960
2
0.00000000
0.80000000
0.99999970
0.99999970
2
0.00000000
0.80000000
0.99999960
0.99999960
Character1_LeftHandMiddle3
1
0.00000000
-0.01943113
1
0.00000000
-0.00006784
1
0.00000000
0.00016170
2
0.00000000
0.80000000
-0.00338327
-0.00338381
2
0.00000000
0.80000000
0.68999450
0.68999430
2
0.00000000
0.80000000
0.17826770
0.17826730
2
0.00000000
0.80000000
0.70151030
0.70151060
2
0.00000000
0.80000000
0.99999960
0.99999960
2
0.00000000
0.80000000
0.99999980
0.99999980
2
0.00000000
0.80000000
0.99999980
0.99999980
Character1_LeftHandMiddle4
1
0.00000000
-0.02201366
1
0.00000000
0.00091102
1
0.00000000
0.00011726
2
0.00000000
0.80000000
-0.70595040
-0.70595040
2
0.00000000
0.80000000
0.03399268
0.03399268
2
0.00000000
0.80000000
0.00647478
0.00647478
2
0.00000000
0.80000000
0.70741550
0.70741550
2
0.00000000
0.80000000
1.00000000
1.00000000
2
0.00000000
0.80000000
0.99999970
0.99999970
2
0.00000000
0.80000000
0.99999960
0.99999960
Character1_LeftHandRing1
1
0.00000000
-0.07679258
1
0.00000000
-0.01262621
1
0.00000000
-0.00624610
2
0.00000000
0.80000000
-0.10424220
-0.10424190
2
0.00000000
0.80000000
0.34738690
0.34738630
2
0.00000000
0.80000000
0.06581443
0.06581472
2
0.00000000
0.80000000
0.92958290
0.92958320
2
0.00000000
0.80000000
0.99999960
0.99999960
2
0.00000000
0.80000000
1.00000000
1.00000000
2
0.00000000
0.80000000
0.99999970
0.99999970
Character1_LeftHandRing2
1
0.00000000
-0.02368266
1
0.00000000
-0.00075405
1
0.00000000
0.00109833
2
0.00000000
0.80000000
0.05328054
0.05328034
2
0.00000000
0.80000000
0.31258200
0.31258240
2
0.00000000
0.80000000
0.11128800
0.11128780
2
0.00000000
0.80000000
0.94184330
0.94184320
2
0.00000000
0.80000000
0.99999930
0.99999930
2
0.00000000
0.80000000
0.99999950
0.99999950
2
0.00000000
0.80000000
0.99999960
0.99999960
Character1_LeftHandRing3
1
0.00000000
-0.01590740
1
0.00000000
0.00016659
1
0.00000000
-0.00086092
2
0.00000000
0.80000000
-0.07731236
-0.07731169
2
0.00000000
0.80000000
0.76504120
0.76504140
2
0.00000000
0.80000000
0.35164650
0.35164680
2
0.00000000
0.80000000
0.53392830
0.53392790
2
0.00000000
0.80000000
0.99999970
0.99999970
2
0.00000000
0.80000000
0.99999960
0.99999960
2
0.00000000
0.80000000
0.99999960
0.99999960
Character1_LeftHandRing4
1
0.00000000
-0.02522655
1
0.00000000
-0.00011562
1
0.00000000
-0.00238417
2
0.00000000
0.80000000
0.00333163
0.00333163
2
0.00000000
0.80000000
-0.01695370
-0.01695370
2
0.00000000
0.80000000
-0.00262045
-0.00262045
2
0.00000000
0.80000000
0.99984730
0.99984730
2
0.00000000
0.80000000
1.00000000
1.00000000
2
0.00000000
0.80000000
1.00000000
1.00000000
2
0.00000000
0.80000000
1.00000000
1.00000000
Character1_LeftHandPinky1
1
0.00000000
-0.06575284
1
0.00000000
-0.02783560
1
0.00000000
-0.00228359
2
0.00000000
0.80000000
-0.21270830
-0.21270770
2
0.00000000
0.80000000
0.12020940
0.12020870
2
0.00000000
0.80000000
-0.00770650
-0.00770622
2
0.00000000
0.80000000
0.96966260
0.96966280
2
0.00000000
0.80000000
0.99999950
0.99999950
2
0.00000000
0.80000000
0.99999990
0.99999990
2
0.00000000
0.80000000
0.99999950
0.99999950
Character1_LeftHandPinky2
1
0.00000000
-0.01809678
1
0.00000000
0.00013280
1
0.00000000
-0.00001445
2
0.00000000
0.80000000
0.01212911
0.01212896
2
0.00000000
0.80000000
0.25026380
0.25026380
2
0.00000000
0.80000000
0.16384940
0.16384950
2
0.00000000
0.80000000
0.95413540
0.95413540
2
0.00000000
0.80000000
1.00000000
1.00000000
2
0.00000000
0.80000000
1.00000000
1.00000000
2
0.00000000
0.80000000
1.00000000
1.00000000
Character1_LeftHandPinky3
1
0.00000000
-0.01391071
1
0.00000000
0.00000276
1
0.00000000
0.00024778
2
0.00000000
0.80000000
-0.00982521
-0.00982480
2
0.00000000
0.80000000
0.67021560
0.67021560
2
0.00000000
0.80000000
0.38580210
0.38580200
2
0.00000000
0.80000000
0.63393320
0.63393320
2
0.00000000
0.80000000
1.00000000
1.00000000
2
0.00000000
0.80000000
1.00000000
1.00000000
2
0.00000000
0.80000000
1.00000000
1.00000000
Character1_LeftHandPinky4
1
0.00000000
-0.01920933
1
0.00000000
-0.00029924
1
0.00000000
-0.00002338
2
0.00000000
0.80000000
-0.04783580
-0.04783580
2
0.00000000
0.80000000
-0.00384246
-0.00384246
2
0.00000000
0.80000000
0.00305436
0.00305436
2
0.00000000
0.80000000
0.99884320
0.99884320
2
0.00000000
0.80000000
1.00000000
1.00000000
2
0.00000000
0.80000000
1.00000000
1.00000000
2
0.00000000
0.80000000
0.99999990
0.99999990
J_L_Sode_D00
2
0.00000000
0.80000000
-0.04395507
-0.04395507
2
0.00000000
0.80000000
0.00271871
0.00271871
2
0.00000000
0.80000000
0.03898804
0.03898804
5
0.00000000
0.20000000
0.40000000
0.63333330
0.80000000
0.69952580
0.69448280
0.69980280
0.69241910
0.69991230
5
0.00000000
0.20000000
0.40000000
0.63333330
0.80000000
0.09666064
0.12746890
0.09250329
0.10314680
0.09306704
5
0.00000000
0.20000000
0.40000000
0.63333330
0.80000000
0.00198118
-0.03093808
0.00242018
-0.03807960
0.00375147
5
0.00000000
0.20000000
0.40000000
0.63333330
0.80000000
0.70803710
0.70745190
0.70831730
0.71306840
0.70812940
2
0.00000000
0.80000000
1.00000100
1.00000100
2
0.00000000
0.80000000
1.00000100
1.00000100
2
0.00000000
0.80000000
1.00000000
1.00000000
J_L_Sode_A00
2
0.00000000
0.80000000
-0.04704522
-0.04704522
2
0.00000000
0.80000000
0.03601032
0.03601032
2
0.00000000
0.80000000
0.00102944
0.00102944
7
0.00000000
0.03333334
0.20000000
0.36666670
0.53333340
0.70000000
0.80000000
-0.06058268
-0.05986100
-0.05478503
-0.06136928
-0.06113296
-0.06157972
-0.06148328
7
0.00000000
0.03333334
0.20000000
0.36666670
0.53333340
0.70000000
0.80000000
-0.05968402
-0.06394426
-0.06827825
-0.06247667
-0.02349496
-0.03981324
-0.06227130
7
0.00000000
0.03333334
0.20000000
0.36666670
0.53333340
0.70000000
0.80000000
-0.09222727
-0.10932680
-0.18497470
-0.08565049
-0.11450830
-0.10175290
-0.08372799
7
0.00000000
0.03333334
0.20000000
0.36666670
0.53333340
0.70000000
0.80000000
0.99216490
0.99013910
0.97883660
0.99246890
0.99126110
0.99210350
0.99263880
2
0.00000000
0.80000000
1.00000100
1.00000100
2
0.00000000
0.80000000
1.00000100
1.00000100
2
0.00000000
0.80000000
1.00000000
1.00000000
J_L_Sode_B00
2
0.00000000
0.80000000
-0.04425104
-0.04425104
2
0.00000000
0.80000000
0.00025279
0.00025279
2
0.00000000
0.80000000
-0.03773062
-0.03773062
5
0.00000000
0.20000000
0.36666670
0.60000000
0.80000000
-0.65869330
-0.65623310
-0.65872680
-0.65858860
-0.65872820
5
0.00000000
0.20000000
0.36666670
0.60000000
0.80000000
-0.01534473
-0.05876477
-0.01288545
-0.01811016
-0.01199913
5
0.00000000
0.20000000
0.36666670
0.60000000
0.80000000
-0.00860716
-0.05821589
-0.00579762
-0.01176411
-0.00478490
5
0.00000000
0.20000000
0.36666670
0.60000000
0.80000000
0.75220580
0.75001060
0.75224960
0.75219330
0.75227010
2
0.00000000
0.80000000
1.00000100
1.00000100
2
0.00000000
0.80000000
1.00000100
1.00000100
2
0.00000000
0.80000000
1.00000000
1.00000000
J_L_Sode_C00
2
0.00000000
0.80000000
-0.04138999
-0.04138999
2
0.00000000
0.80000000
-0.04891023
-0.04891023
2
0.00000000
0.80000000
0.01278888
0.01278888
5
0.00000000
0.20000000
0.40000000
0.70000000
0.80000000
0.98869880
0.97913320
0.99027710
0.99154150
0.98980840
5
0.00000000
0.20000000
0.40000000
0.70000000
0.80000000
0.13927340
0.19174810
0.13159790
0.12167170
0.13504830
5
0.00000000
0.20000000
0.40000000
0.70000000
0.80000000
0.05375993
0.06604023
0.04338276
0.04334867
0.04351503
5
0.00000000
0.20000000
0.40000000
0.70000000
0.80000000
-0.01369356
-0.01301758
-0.01229564
-0.01274433
-0.01215104
2
0.00000000
0.80000000
1.00000100
1.00000100
2
0.00000000
0.80000000
1.00000000
1.00000000
2
0.00000000
0.80000000
1.00000100
1.00000100
Character1_RightShoulder
1
0.00000000
-0.12245480
1
0.00000000
-0.00014977
1
0.00000000
-0.04199364
4
0.00000000
0.13333330
0.60000000
0.80000000
-0.10148070
-0.08587795
-0.10074460
-0.10603900
4
0.00000000
0.13333330
0.60000000
0.80000000
-0.69062020
-0.66818420
-0.68984470
-0.69710210
4
0.00000000
0.13333330
0.60000000
0.80000000
-0.12093660
-0.13712240
-0.12152010
-0.11625310
4
0.00000000
0.13333330
0.60000000
0.80000000
0.70553480
0.72619030
0.70653930
0.69949240
2
0.00000000
0.80000000
1.00000000
1.00000000
2
0.00000000
0.80000000
1.00000000
1.00000000
2
0.00000000
0.80000000
1.00000000
1.00000000
Character1_RightArm
1
0.00000000
-0.05543732
1
0.00000000
-0.00000005
1
0.00000000
-0.00000100
6
0.00000000
0.10000000
0.20000000
0.36666670
0.53333340
0.80000000
-0.08011563
-0.06119695
-0.06199846
-0.07273257
-0.09567012
-0.08834784
6
0.00000000
0.10000000
0.20000000
0.36666670
0.53333340
0.80000000
-0.61046150
-0.57362900
-0.55174930
-0.56028000
-0.58257340
-0.60662420
6
0.00000000
0.10000000
0.20000000
0.36666670
0.53333340
0.80000000
-0.01043329
-0.18232860
-0.23577540
-0.05878027
0.15278380
0.04088947
6
0.00000000
0.10000000
0.20000000
0.36666670
0.53333340
0.80000000
0.78791460
0.79621670
0.79758310
0.82300740
0.79253550
0.78900560
2
0.00000000
0.80000000
1.00000000
1.00000000
2
0.00000000
0.80000000
0.99999990
0.99999990
2
0.00000000
0.80000000
0.99999990
0.99999990
Character1_RightForeArm
1
0.00000000
-0.23377880
1
0.00000000
0.00001742
1
0.00000000
-0.00001277
14
0.00000000
0.03333334
0.06666668
0.10000000
0.13333330
0.16666670
0.26666670
0.56666670
0.63333330
0.66666670
0.70000000
0.73333330
0.76666670
0.80000000
0.16752450
0.19030470
0.21991130
0.19509550
0.26727460
0.28009490
0.26731420
0.15714940
0.14082590
0.14577840
0.10166200
0.15389340
0.14896660
0.15188810
14
0.00000000
0.03333334
0.06666668
0.10000000
0.13333330
0.16666670
0.26666670
0.56666670
0.63333330
0.66666670
0.70000000
0.73333330
0.76666670
0.80000000
-0.06928652
-0.04356309
-0.00848795
-0.03322636
0.03827452
0.04762639
0.03573564
-0.02546604
-0.04086975
-0.04496244
-0.10167640
-0.05776743
-0.07937341
-0.07983936
14
0.00000000
0.03333334
0.06666668
0.10000000
0.13333330
0.16666670
0.26666670
0.56666670
0.63333330
0.66666670
0.70000000
0.73333330
0.76666670
0.80000000
-0.79645810
-0.78492280
-0.75758580
-0.75683310
-0.69295810
-0.66975190
-0.63368440
-0.57679330
-0.60292150
-0.64992430
-0.70739670
-0.74506280
-0.78003120
-0.79270090
14
0.00000000
0.03333334
0.06666668
0.10000000
0.13333330
0.16666670
0.26666670
0.56666670
0.63333330
0.66666670
0.70000000
0.73333330
0.76666670
0.80000000
0.57687920
0.58803280
0.61451660
0.62292650
0.66851220
0.68608390
0.72505890
0.80122720
0.78420870
0.74453040
0.69203810
0.64642180
0.60254470
0.58496250
2
0.00000000
0.80000000
1.00000000
1.00000000
2
0.00000000
0.80000000
0.99999980
0.99999980
2
0.00000000
0.80000000
0.99999970
0.99999970
Character1_RightHand
1
0.00000000
-0.16248010
1
0.00000000
-0.00000066
1
0.00000000
0.00000173
7
0.00000000
0.13333330
0.16666670
0.23333330
0.53333340
0.63333330
0.80000000
-0.18842210
-0.19177390
-0.19207160
-0.18681180
-0.15760500
-0.15863770
-0.18704540
7
0.00000000
0.13333330
0.16666670
0.23333330
0.53333340
0.63333330
0.80000000
-0.06928527
-0.11403140
-0.12651900
-0.12183300
-0.09132937
-0.07975766
-0.05838526
7
0.00000000
0.13333330
0.16666670
0.23333330
0.53333340
0.63333330
0.80000000
-0.04365658
-0.17596300
-0.21342180
-0.18962570
-0.05033188
-0.02085728
-0.01199833
7
0.00000000
0.13333330
0.16666670
0.23333330
0.53333340
0.63333330
0.80000000
0.97866790
0.95877870
0.94950130
0.95619050
0.98198090
0.98388910
0.98054130
2
0.00000000
0.80000000
1.00000000
1.00000000
2
0.00000000
0.80000000
0.99999980
0.99999980
2
0.00000000
0.80000000
0.99999990
0.99999990
Character1_RightHandThumb1
1
0.00000000
-0.02633883
1
0.00000000
0.02086117
1
0.00000000
-0.00452684
2
0.00000000
0.80000000
0.46670300
0.46670300
2
0.00000000
0.80000000
-0.11148330
-0.11148310
2
0.00000000
0.80000000
-0.22818250
-0.22818270
2
0.00000000
0.80000000
0.84716740
0.84716740
2
0.00000000
0.80000000
1.00000000
1.00000000
2
0.00000000
0.80000000
1.00000000
1.00000000
2
0.00000000
0.80000000
1.00000000
1.00000000
Character1_RightHandThumb2
1
0.00000000
-0.03202948
1
0.00000000
0.00112795
1
0.00000000
0.00060241
2
0.00000000
0.80000000
0.03668549
0.03668563
2
0.00000000
0.80000000
0.17384360
0.17384320
2
0.00000000
0.80000000
0.07676779
0.07676820
2
0.00000000
0.80000000
0.98109080
0.98109090
2
0.00000000
0.80000000
0.99999980
0.99999980
2
0.00000000
0.80000000
0.99999930
0.99999930
2
0.00000000
0.80000000
0.99999980
0.99999980
Character1_RightHandThumb3
1
0.00000000
-0.01758621
1
0.00000000
0.00051133
1
0.00000000
0.00015221
2
0.00000000
0.80000000
0.01054118
0.01054193
2
0.00000000
0.80000000
0.26187190
0.26187210
2
0.00000000
0.80000000
0.09421422
0.09421444
2
0.00000000
0.80000000
0.96043520
0.96043510
2
0.00000000
0.80000000
1.00000000
1.00000000
2
0.00000000
0.80000000
1.00000000
1.00000000
2
0.00000000
0.80000000
1.00000000
1.00000000
Character1_RightHandThumb4
1
0.00000000
-0.02628791
1
0.00000000
0.00158763
1
0.00000000
-0.00003033
2
0.00000000
0.80000000
0.09698050
0.09698050
2
0.00000000
0.80000000
-0.01651486
-0.01651486
2
0.00000000
0.80000000
-0.06892800
-0.06892800
2
0.00000000
0.80000000
0.99275930
0.99275930
2
0.00000000
0.80000000
1.00000000
1.00000000
2
0.00000000
0.80000000
0.99999960
0.99999960
2
0.00000000
0.80000000
0.99999990
0.99999990
Character1_RightHandIndex1
1
0.00000000
-0.07745903
1
0.00000000
0.02477353
1
0.00000000
0.02387737
2
0.00000000
0.80000000
0.99487570
0.99487560
2
0.00000000
0.80000000
0.07116845
0.07116868
2
0.00000000
0.80000000
0.07119686
0.07119744
2
0.00000000
0.80000000
-0.00940473
-0.00940518
2
0.00000000
0.80000000
0.99999990
0.99999990
2
0.00000000
0.80000000
1.00000000
1.00000000
2
0.00000000
0.80000000
1.00000000
1.00000000
Character1_RightHandIndex2
1
0.00000000
-0.02423301
1
0.00000000
-0.00223004
1
0.00000000
-0.00200852
2
0.00000000
0.80000000
-0.01307176
-0.01307176
2
0.00000000
0.80000000
0.48071270
0.48071180
2
0.00000000
0.80000000
-0.06264064
-0.06264057
2
0.00000000
0.80000000
0.87454020
0.87454070
2
0.00000000
0.80000000
1.00000000
1.00000000
2
0.00000000
0.80000000
1.00000000
1.00000000
2
0.00000000
0.80000000
0.99999950
0.99999950
Character1_RightHandIndex3
1
0.00000000
-0.01588617
1
0.00000000
0.00000118
1
0.00000000
-0.00264198
2
0.00000000
0.80000000
-0.03562076
-0.03562119
2
0.00000000
0.80000000
0.59265550
0.59265660
2
0.00000000
0.80000000
-0.08476178
-0.08476157
2
0.00000000
0.80000000
0.80019120
0.80019040
2
0.00000000
0.80000000
0.99999990
0.99999990
2
0.00000000
0.80000000
1.00000000
1.00000000
2
0.00000000
0.80000000
1.00000000
1.00000000
Character1_RightHandIndex4
1
0.00000000
-0.02107472
1
0.00000000
-0.00070412
1
0.00000000
-0.00325402
2
0.00000000
0.80000000
0.06180407
0.06180407
2
0.00000000
0.80000000
-0.11389170
-0.11389170
2
0.00000000
0.80000000
-0.00078375
-0.00078375
2
0.00000000
0.80000000
0.99156860
0.99156860
2
0.00000000
0.80000000
0.99999960
0.99999960
2
0.00000000
0.80000000
0.99999980
0.99999980
2
0.00000000
0.80000000
0.99999990
0.99999990
Character1_RightHandMiddle1
1
0.00000000
-0.07734096
1
0.00000000
0.00436004
1
0.00000000
0.02411085
2
0.00000000
0.80000000
0.97829620
0.97829610
2
0.00000000
0.80000000
-0.03106742
-0.03106768
2
0.00000000
0.80000000
0.13236690
0.13236730
2
0.00000000
0.80000000
-0.15636590
-0.15636640
2
0.00000000
0.80000000
0.99999990
0.99999990
2
0.00000000
0.80000000
1.00000000
1.00000000
2
0.00000000
0.80000000
1.00000000
1.00000000
Character1_RightHandMiddle2
1
0.00000000
-0.02535491
1
0.00000000
-0.00067981
1
0.00000000
0.00116949
2
0.00000000
0.80000000
-0.02884104
-0.02884215
2
0.00000000
0.80000000
0.53251990
0.53251930
2
0.00000000
0.80000000
-0.07573527
-0.07573552
2
0.00000000
0.80000000
0.84252890
0.84252920
2
0.00000000
0.80000000
1.00000000
1.00000000
2
0.00000000
0.80000000
1.00000000
1.00000000
2
0.00000000
0.80000000
0.99999990
0.99999990
Character1_RightHandMiddle3
1
0.00000000
-0.01941583
1
0.00000000
-0.00041665
1
0.00000000
-0.00070466
2
0.00000000
0.80000000
-0.00443062
-0.00443072
2
0.00000000
0.80000000
0.70925670
0.70925660
2
0.00000000
0.80000000
-0.09241946
-0.09241901
2
0.00000000
0.80000000
0.69885190
0.69885210
2
0.00000000
0.80000000
1.00000000
1.00000000
2
0.00000000
0.80000000
0.99999990
0.99999990
2
0.00000000
0.80000000
0.99999990
0.99999990
Character1_RightHandMiddle4
1
0.00000000
-0.02143747
1
0.00000000
-0.00047113
1
0.00000000
-0.00506652
2
0.00000000
0.80000000
0.02437098
0.02437098
2
0.00000000
0.80000000
-0.06598202
-0.06598202
2
0.00000000
0.80000000
-0.00813170
-0.00813170
2
0.00000000
0.80000000
0.99749000
0.99749000
2
0.00000000
0.80000000
1.00000000
1.00000000
2
0.00000000
0.80000000
1.00000000
1.00000000
2
0.00000000
0.80000000
0.99999990
0.99999990
Character1_RightHandRing1
1
0.00000000
-0.07430402
1
0.00000000
-0.01371074
1
0.00000000
0.01965605
2
0.00000000
0.80000000
0.90014000
0.90013970
2
0.00000000
0.80000000
-0.07314762
-0.07314761
2
0.00000000
0.80000000
0.33885710
0.33885720
2
0.00000000
0.80000000
-0.26376750
-0.26376830
2
0.00000000
0.80000000
1.00000000
1.00000000
2
0.00000000
0.80000000
1.00000000
1.00000000
2
0.00000000
0.80000000
0.99999980
0.99999980
Character1_RightHandRing2
1
0.00000000
-0.02345802
1
0.00000000
-0.00000792
1
0.00000000
-0.00350789
2
0.00000000
0.80000000
-0.05763296
-0.05763334
2
0.00000000
0.80000000
0.14821650
0.14821650
2
0.00000000
0.80000000
-0.12539230
-0.12539280
2
0.00000000
0.80000000
0.97927890
0.97927870
2
0.00000000
0.80000000
0.99999990
0.99999990
2
0.00000000
0.80000000
1.00000000
1.00000000
2
0.00000000
0.80000000
1.00000000
1.00000000
Character1_RightHandRing3
1
0.00000000
-0.01589358
1
0.00000000
-0.00103255
1
0.00000000
0.00037811
2
0.00000000
0.80000000
-0.02323442
-0.02323189
2
0.00000000
0.80000000
0.72087490
0.72087460
2
0.00000000
0.80000000
-0.27049130
-0.27049240
2
0.00000000
0.80000000
0.63767860
0.63767860
2
0.00000000
0.80000000
0.99999990
0.99999990
2
0.00000000
0.80000000
0.99999990
0.99999990
2
0.00000000
0.80000000
1.00000000
1.00000000
Character1_RightHandRing4
1
0.00000000
-0.02512612
1
0.00000000
-0.00003484
1
0.00000000
-0.00327394
2
0.00000000
0.80000000
0.01259207
0.01259207
2
0.00000000
0.80000000
-0.04324944
-0.04324944
2
0.00000000
0.80000000
-0.00322445
-0.00322445
2
0.00000000
0.80000000
0.99897970
0.99897970
2
0.00000000
0.80000000
1.00000000
1.00000000
2
0.00000000
0.80000000
0.99999990
0.99999990
2
0.00000000
0.80000000
0.99999980
0.99999980
Character1_RightHandPinky1
1
0.00000000
-0.06501900
1
0.00000000
-0.02772160
1
0.00000000
0.01036632
2
0.00000000
0.80000000
0.88870600
0.88870580
2
0.00000000
0.80000000
-0.09507010
-0.09506997
2
0.00000000
0.80000000
-0.03652391
-0.03652395
2
0.00000000
0.80000000
-0.44702270
-0.44702320
2
0.00000000
0.80000000
1.00000000
1.00000000
2
0.00000000
0.80000000
1.00000000
1.00000000
2
0.00000000
0.80000000
0.99999990
0.99999990
Character1_RightHandPinky2
1
0.00000000
-0.01809764
1
0.00000000
-0.00014428
1
0.00000000
-0.00005280
2
0.00000000
0.80000000
0.02835649
0.02835970
2
0.00000000
0.80000000
0.22238740
0.22238760
2
0.00000000
0.80000000
-0.17340920
-0.17340980
2
0.00000000
0.80000000
0.95899370
0.95899350
2
0.00000000
0.80000000
1.00000000
1.00000000
2
0.00000000
0.80000000
1.00000000
1.00000000
2
0.00000000
0.80000000
1.00000000
1.00000000
Character1_RightHandPinky3
1
0.00000000
-0.01388555
1
0.00000000
0.00026696
1
0.00000000
0.00082812
2
0.00000000
0.80000000
0.02145621
0.02145481
2
0.00000000
0.80000000
0.62876060
0.62875880
2
0.00000000
0.80000000
-0.48098350
-0.48098560
2
0.00000000
0.80000000
0.61061820
0.61061850
2
0.00000000
0.80000000
1.00000000
1.00000000
2
0.00000000
0.80000000
1.00000000
1.00000000
2
0.00000000
0.80000000
1.00000000
1.00000000
Character1_RightHandPinky4
1
0.00000000
-0.01920296
1
0.00000000
0.00051865
1
0.00000000
-0.00024998
2
0.00000000
0.80000000
-0.01420847
-0.01420847
2
0.00000000
0.80000000
-0.00825185
-0.00825185
2
0.00000000
0.80000000
-0.01770875
-0.01770875
2
0.00000000
0.80000000
0.99970820
0.99970820
2
0.00000000
0.80000000
0.99999970
0.99999970
2
0.00000000
0.80000000
0.99999960
0.99999960
2
0.00000000
0.80000000
0.99999960
0.99999960
J_R_Sode_A00
2
0.00000000
0.80000000
-0.04704347
-0.04704347
2
0.00000000
0.80000000
0.03601107
0.03601107
2
0.00000000
0.80000000
-0.00102966
-0.00102966
6
0.00000000
0.06666668
0.20000000
0.40000000
0.63333330
0.80000000
0.00850231
0.00479023
-0.00092057
0.00865632
0.00750799
0.00868050
6
0.00000000
0.06666668
0.20000000
0.40000000
0.63333330
0.80000000
0.02313066
-0.00122043
-0.02589449
0.02312398
0.02346817
0.02312758
6
0.00000000
0.06666668
0.20000000
0.40000000
0.63333330
0.80000000
-0.09953773
-0.12599760
-0.16010170
-0.09473016
-0.14338980
-0.09371991
6
0.00000000
0.06666668
0.20000000
0.40000000
0.63333330
0.80000000
0.99475600
0.99201820
0.98676040
0.99519680
0.98935950
0.99529210
2
0.00000000
0.80000000
0.99999990
0.99999990
2
0.00000000
0.80000000
1.00000100
1.00000100
2
0.00000000
0.80000000
1.00000000
1.00000000
J_R_Sode_B00
2
0.00000000
0.80000000
-0.04424990
-0.04424990
2
0.00000000
0.80000000
0.00025344
0.00025344
2
0.00000000
0.80000000
0.03772974
0.03772974
5
0.00000000
0.26666670
0.46666670
0.63333330
0.80000000
0.70423540
0.70181700
0.70283730
0.69827490
0.70513050
5
0.00000000
0.26666670
0.46666670
0.63333330
0.80000000
0.14739220
0.15486860
0.13092910
0.11841830
0.13904760
5
0.00000000
0.26666670
0.46666670
0.63333330
0.80000000
-0.05878333
-0.06598002
-0.06926183
-0.09843603
-0.05033628
5
0.00000000
0.26666670
0.46666670
0.63333330
0.80000000
0.69200630
0.69218160
0.69575860
0.69907060
0.69348610
2
0.00000000
0.80000000
0.99999990
0.99999990
2
0.00000000
0.80000000
1.00000100
1.00000100
2
0.00000000
0.80000000
1.00000000
1.00000000
J_R_Sode_D00
2
0.00000000
0.80000000
-0.04395394
-0.04395394
2
0.00000000
0.80000000
0.00270832
0.00270832
2
0.00000000
0.80000000
-0.03898220
-0.03898220
5
0.00000000
0.20000000
0.40000000
0.63333330
0.80000000
-0.76193460
-0.75860300
-0.76222940
-0.76170960
-0.76217070
5
0.00000000
0.20000000
0.40000000
0.63333330
0.80000000
-0.03298537
-0.07879619
-0.02673349
-0.02238284
-0.02791859
5
0.00000000
0.20000000
0.40000000
0.63333330
0.80000000
0.02994025
-0.01113772
0.03009339
-0.00488975
0.03176776
5
0.00000000
0.20000000
0.40000000
0.63333330
0.80000000
0.64612010
0.64667500
0.64605420
0.64751330
0.64599320
2
0.00000000
0.80000000
0.99999990
0.99999990
2
0.00000000
0.80000000
1.00000100
1.00000100
2
0.00000000
0.80000000
1.00000000
1.00000000
J_R_Sode_C00
2
0.00000000
0.80000000
-0.04138786
-0.04138786
2
0.00000000
0.80000000
-0.04891171
-0.04891171
2
0.00000000
0.80000000
-0.01278703
-0.01278703
5
0.00000000
0.20000000
0.36666670
0.56666670
0.80000000
0.97990410
0.97927830
0.97934880
0.98273090
0.97963600
5
0.00000000
0.20000000
0.36666670
0.56666670
0.80000000
0.13670540
0.18636340
0.13661800
0.10779300
0.13301490
5
0.00000000
0.20000000
0.36666670
0.56666670
0.80000000
-0.14306780
-0.07910660
-0.14681220
-0.14734200
-0.14806820
5
0.00000000
0.20000000
0.36666670
0.56666670
0.80000000
0.02512278
0.00498759
0.02564695
0.03018140
0.02638364
2
0.00000000
0.80000000
0.99999990
0.99999990
2
0.00000000
0.80000000
1.00000100
1.00000100
2
0.00000000
0.80000000
1.00000100
1.00000100
Character1_Neck
1
0.00000000
-0.15685130
1
0.00000000
0.00829848
1
0.00000000
0.00028670
2
0.00000000
0.80000000
-0.01676945
-0.01676934
2
0.00000000
0.80000000
0.01377582
0.01377731
2
0.00000000
0.80000000
-0.06689941
-0.06689823
2
0.00000000
0.80000000
0.99752370
0.99752370
2
0.00000000
0.80000000
1.00000000
1.00000000
2
0.00000000
0.80000000
1.00000000
1.00000000
2
0.00000000
0.80000000
0.99999980
0.99999980
Character1_Head
1
0.00000000
-0.07808319
1
0.00000000
-0.00553454
1
0.00000000
0.00000000
2
0.00000000
0.80000000
0.00237658
0.00237580
2
0.00000000
0.80000000
0.00997238
0.00997092
2
0.00000000
0.80000000
0.20051240
0.20051100
2
0.00000000
0.80000000
0.97963760
0.97963790
2
0.00000000
0.80000000
1.00000000
1.00000000
2
0.00000000
0.80000000
0.99999980
0.99999980
2
0.00000000
0.80000000
1.00000000
1.00000000
J_L_HairSide_00
2
0.00000000
0.80000000
-0.09528863
-0.09528863
2
0.00000000
0.80000000
0.08420379
0.08420379
2
0.00000000
0.80000000
0.08411823
0.08411823
7
0.00000000
0.03333334
0.23333330
0.40000000
0.56666670
0.76666670
0.80000000
0.21871940
0.23755100
0.27653950
0.19740760
0.29155280
0.20248900
0.19557530
7
0.00000000
0.03333334
0.23333330
0.40000000
0.56666670
0.76666670
0.80000000
0.96151100
0.95573880
0.94268480
0.96685290
0.93723360
0.96552810
0.96732300
7
0.00000000
0.03333334
0.23333330
0.40000000
0.56666670
0.76666670
0.80000000
-0.01485652
-0.01283923
-0.01042125
-0.01653167
-0.00972707
-0.01601694
-0.01672126
7
0.00000000
0.03333334
0.23333330
0.40000000
0.56666670
0.76666670
0.80000000
0.16634290
0.17311250
0.18644760
0.16109770
0.19103840
0.16277920
0.16048960
2
0.00000000
0.80000000
1.00000100
1.00000100
2
0.00000000
0.80000000
1.00000000
1.00000000
2
0.00000000
0.80000000
1.00000100
1.00000100
J_L_HairSide_01
2
0.00000000
0.80000000
-0.07190698
-0.07190698
2
0.00000000
0.80000000
0.00000000
0.00000000
2
0.00000000
0.80000000
0.00000000
0.00000000
7
0.00000000
0.03333334
0.23333330
0.40000000
0.56666670
0.76666670
0.80000000
0.01752944
0.01842079
0.02209062
0.01556463
0.02382614
0.01585346
0.01546481
7
0.00000000
0.03333334
0.23333330
0.40000000
0.56666670
0.76666670
0.80000000
0.03619428
0.02909252
0.01453961
0.04175324
0.00933684
0.04001980
0.04237771
7
0.00000000
0.03333334
0.23333330
0.40000000
0.56666670
0.76666670
0.80000000
0.05663624
0.07626162
0.11670180
0.03477772
0.13228540
0.04002774
0.03288500
7
0.00000000
0.03333334
0.23333330
0.40000000
0.56666670
0.76666670
0.80000000
0.99770100
0.99649310
0.99281480
0.99840120
0.99088130
0.99827090
0.99844060
2
0.00000000
0.80000000
1.00000000
1.00000000
2
0.00000000
0.80000000
1.00000000
1.00000000
2
0.00000000
0.80000000
1.00000000
1.00000000
J_R_HairSide_00
2
0.00000000
0.80000000
-0.09799041
-0.09799041
2
0.00000000
0.80000000
0.07704446
0.07704446
2
0.00000000
0.80000000
-0.08779540
-0.08779540
7
0.00000000
0.03333334
0.23333330
0.40000000
0.56666670
0.76666670
0.80000000
0.22349000
0.24276970
0.28259750
0.20231120
0.29783730
0.20746480
0.20045290
7
0.00000000
0.03333334
0.23333330
0.40000000
0.56666670
0.76666670
0.80000000
0.96035780
0.95474700
0.94109420
0.96519040
0.93569330
0.96386020
0.96566270
7
0.00000000
0.03333334
0.23333330
0.40000000
0.56666670
0.76666670
0.80000000
-0.04177559
-0.04301554
-0.04422403
-0.03788992
-0.04498584
-0.03841268
-0.03769755
7
0.00000000
0.03333334
0.23333330
0.40000000
0.56666670
0.76666670
0.80000000
-0.16204540
-0.16634530
-0.18034610
-0.16137600
-0.18370460
-0.16265400
-0.16091340
2
0.00000000
0.80000000
1.00000100
1.00000100
2
0.00000000
0.80000000
1.00000000
1.00000000
2
0.00000000
0.80000000
1.00000100
1.00000100
J_R_HairSide_01
2
0.00000000
0.80000000
-0.07190759
-0.07190759
2
0.00000000
0.80000000
0.00000000
0.00000000
2
0.00000000
0.80000000
0.00000000
0.00000000
7
0.00000000
0.03333334
0.23333330
0.40000000
0.56666670
0.76666670
0.80000000
-0.00614612
-0.00816054
-0.01270323
-0.00564050
-0.01448596
-0.00597789
-0.00552271
7
0.00000000
0.03333334
0.23333330
0.40000000
0.56666670
0.76666670
0.80000000
-0.04860223
-0.04295640
-0.02570311
-0.05019519
-0.02103761
-0.04863054
-0.05075900
7
0.00000000
0.03333334
0.23333330
0.40000000
0.56666670
0.76666670
0.80000000
0.05731992
0.07696293
0.11746200
0.03532067
0.13310690
0.04057982
0.03342481
7
0.00000000
0.03333334
0.23333330
0.40000000
0.56666670
0.76666670
0.80000000
0.99727280
0.99607470
0.99266340
0.99809870
0.99077250
0.99797430
0.99813620
2
0.00000000
0.80000000
1.00000000
1.00000000
2
0.00000000
0.80000000
1.00000000
1.00000000
2
0.00000000
0.80000000
1.00000000
1.00000000
J_L_HairFront_00
2
0.00000000
0.80000000
-0.11835310
-0.11835310
2
0.00000000
0.80000000
0.11062720
0.11062720
2
0.00000000
0.80000000
-0.00064683
-0.00064683
7
0.00000000
0.03333334
0.20000000
0.40000000
0.60000000
0.76666670
0.80000000
-0.05316383
-0.06523570
-0.12210540
-0.04759318
-0.12762730
-0.05165158
-0.04601016
7
0.00000000
0.03333334
0.20000000
0.40000000
0.60000000
0.76666670
0.80000000
0.99747800
0.99681540
0.99149320
0.99754350
0.98916980
0.99735790
0.99770640
7
0.00000000
0.03333334
0.20000000
0.40000000
0.60000000
0.76666670
0.80000000
0.03924476
0.03999899
0.04497743
0.03880732
0.03679274
0.03894622
0.03890041
7
0.00000000
0.03333334
0.20000000
0.40000000
0.60000000
0.76666670
0.80000000
-0.02772183
-0.02243512
0.00291740
-0.03370195
-0.06245452
-0.03305412
-0.03085173
2
0.00000000
0.80000000
1.00000100
1.00000100
2
0.00000000
0.80000000
1.00000000
1.00000000
2
0.00000000
0.80000000
1.00000100
1.00000100
J_R_HairFront_00
2
0.00000000
0.80000000
-0.11864670
-0.11864670
2
0.00000000
0.80000000
0.10995260
0.10995260
2
0.00000000
0.80000000
-0.00727659
-0.00727659
7
0.00000000
0.03333334
0.20000000
0.40000000
0.60000000
0.76666670
0.80000000
-0.12128210
-0.13405080
-0.19408710
-0.11467430
-0.18660030
-0.11874970
-0.11370100
7
0.00000000
0.03333334
0.20000000
0.40000000
0.60000000
0.76666670
0.80000000
0.97750990
0.97623130
0.96835080
0.97775550
0.96234350
0.97730980
0.97812750
7
0.00000000
0.03333334
0.20000000
0.40000000
0.60000000
0.76666670
0.80000000
-0.15949290
-0.15790920
-0.14858690
-0.16053270
-0.16095070
-0.16020560
-0.16029840
7
0.00000000
0.03333334
0.20000000
0.40000000
0.60000000
0.76666670
0.80000000
-0.06651666
-0.06377726
-0.05048621
-0.07122666
-0.11476180
-0.07140150
-0.06814066
2
0.00000000
0.80000000
1.00000000
1.00000000
2
0.00000000
0.80000000
1.00000100
1.00000100
2
0.00000000
0.80000000
1.00000100
1.00000100
J_L_HeadRibbon_00
2
0.00000000
0.80000000
-0.17970760
-0.17970760
2
0.00000000
0.80000000
0.08956378
0.08956378
2
0.00000000
0.80000000
0.04141203
0.04141203
7
0.00000000
0.06666668
0.20000000
0.40000000
0.60000000
0.76666670
0.80000000
0.09006621
0.09581202
0.10374560
0.08839428
0.10430840
0.08922698
0.08809389
7
0.00000000
0.06666668
0.20000000
0.40000000
0.60000000
0.76666670
0.80000000
0.22924830
0.22689790
0.22338180
0.22988920
0.22311960
0.22956720
0.23000440
7
0.00000000
0.06666668
0.20000000
0.40000000
0.60000000
0.76666670
0.80000000
0.30257400
0.32567320
0.35762810
0.29586230
0.35989770
0.29920570
0.29465630
7
0.00000000
0.06666668
0.20000000
0.40000000
0.60000000
0.76666670
0.80000000
0.92078810
0.91283870
0.90079940
0.92293170
0.89989510
0.92185320
0.92331740
2
0.00000000
0.80000000
1.00000000
1.00000000
2
0.00000000
0.80000000
1.00000100
1.00000100
2
0.00000000
0.80000000
1.00000000
1.00000000
J_L_HeadRibbon_01
2
0.00000000
0.80000000
-0.08505328
-0.08505328
2
0.00000000
0.80000000
0.00000000
0.00000000
2
0.00000000
0.80000000
0.00000000
0.00000000
9
0.00000000
0.10000000
0.20000000
0.30000000
0.40000000
0.53333340
0.63333330
0.73333330
0.80000000
0.56510110
0.55461130
0.54846680
0.56127580
0.56563790
0.55224010
0.55011350
0.56292830
0.56582070
9
0.00000000
0.10000000
0.20000000
0.30000000
0.40000000
0.53333340
0.63333330
0.73333330
0.80000000
0.34405480
0.42451830
0.45546560
0.38049410
0.33747970
0.43723160
0.44777260
0.36641210
0.33510350
9
0.00000000
0.10000000
0.20000000
0.30000000
0.40000000
0.53333340
0.63333330
0.73333330
0.80000000
0.06359739
0.12565920
0.15022700
0.09139720
0.05863198
0.13570120
0.14408050
0.08059627
0.05684129
9
0.00000000
0.10000000
0.20000000
0.30000000
0.40000000
0.53333340
0.63333330
0.73333330
0.80000000
0.74715620
0.70455680
0.68495770
0.72927370
0.75014900
0.69673850
0.69001140
0.73644980
0.75121340
2
0.00000000
0.80000000
1.00000000
1.00000000
2
0.00000000
0.80000000
1.00000000
1.00000000
2
0.00000000
0.80000000
1.00000000
1.00000000
J_R_HeadRibbon_00
2
0.00000000
0.80000000
-0.18103220
-0.18103220
2
0.00000000
0.80000000
0.08604571
0.08604571
2
0.00000000
0.80000000
-0.04305515
-0.04305515
7
0.00000000
0.06666668
0.20000000
0.40000000
0.60000000
0.76666670
0.80000000
-0.12352410
-0.12857050
-0.13549320
-0.12204850
-0.13598210
-0.12278290
-0.12178340
7
0.00000000
0.06666668
0.20000000
0.40000000
0.60000000
0.76666670
0.80000000
-0.20196240
-0.19877830
-0.19412570
-0.20284810
-0.19378360
-0.20240440
-0.20300740
7
0.00000000
0.06666668
0.20000000
0.40000000
0.60000000
0.76666670
0.80000000
0.31321320
0.33628210
0.36818410
0.30650840
0.37044930
0.30984820
0.30530370
7
0.00000000
0.06666668
0.20000000
0.40000000
0.60000000
0.76666670
0.80000000
0.91973850
0.91152130
0.89910920
0.92195960
0.89817820
0.92084250
0.92235920
2
0.00000000
0.80000000
1.00000000
1.00000000
2
0.00000000
0.80000000
1.00000100
1.00000100
2
0.00000000
0.80000000
1.00000000
1.00000000
J_R_HeadRibbon_01
2
0.00000000
0.80000000
-0.08505593
-0.08505593
2
0.00000000
0.80000000
0.00000000
0.00000000
2
0.00000000
0.80000000
0.00000000
0.00000000
8
0.00000000
0.13333330
0.23333330
0.40000000
0.53333340
0.63333330
0.76666670
0.80000000
-0.56397130
-0.54983660
-0.55176770
-0.56452910
-0.55176760
-0.54983660
-0.56397130
-0.56472150
8
0.00000000
0.13333330
0.23333330
0.40000000
0.53333340
0.63333330
0.76666670
0.80000000
-0.35631040
-0.44905550
-0.43959890
-0.35044810
-0.43959900
-0.44905550
-0.35631040
-0.34832990
8
0.00000000
0.13333330
0.23333330
0.40000000
0.53333340
0.63333330
0.76666670
0.80000000
0.07290755
0.14511650
0.13759180
0.06845433
0.13759190
0.14511650
0.07290755
0.06684832
8
0.00000000
0.13333330
0.23333330
0.40000000
0.53333340
0.63333330
0.76666670
0.80000000
0.74139310
0.68918070
0.69525080
0.74418210
0.69525080
0.68918070
0.74139310
0.74517600
2
0.00000000
0.80000000
1.00000000
1.00000000
2
0.00000000
0.80000000
1.00000000
1.00000000
2
0.00000000
0.80000000
1.00000000
1.00000000
J_L_HairTail_00
2
0.00000000
0.80000000
-0.03154395
-0.03154395
2
0.00000000
0.80000000
-0.06754832
-0.06754832
2
0.00000000
0.80000000
0.06546028
0.06546028
6
0.00000000
0.16666670
0.36666670
0.56666670
0.76666670
0.80000000
-0.08953833
-0.16610260
-0.07934796
-0.11858380
-0.07624811
-0.07614468
6
0.00000000
0.16666670
0.36666670
0.56666670
0.76666670
0.80000000
-0.00167390
0.02742579
-0.00326912
0.00614451
-0.00599739
-0.00456528
6
0.00000000
0.16666670
0.36666670
0.56666670
0.76666670
0.80000000
0.93146040
0.92064030
0.93927240
0.90992120
0.93476590
0.93908450
6
0.00000000
0.16666670
0.36666670
0.56666670
0.76666670
0.80000000
0.35264960
0.35224870
0.33385720
0.39742100
0.34693390
0.33511420
2
0.00000000
0.80000000
1.00000100
1.00000100
2
0.00000000
0.80000000
1.00000100
1.00000100
2
0.00000000
0.80000000
1.00000000
1.00000000
J_L_HairTail_01
2
0.00000000
0.80000000
-0.11597680
-0.11597680
2
0.00000000
0.80000000
0.00000000
0.00000000
2
0.00000000
0.80000000
0.00000000
0.00000000
14
0.00000000
0.03333334
0.10000000
0.20000000
0.30000000
0.36666670
0.40000000
0.43333340
0.46666670
0.53333340
0.66666670
0.70000000
0.73333330
0.80000000
-0.00093336
0.00273284
0.00105121
-0.00726811
-0.00920122
-0.00467075
-0.00202238
0.00039526
-0.00009585
-0.00011858
0.00001835
-0.00234814
-0.00582358
-0.00356503
14
0.00000000
0.03333334
0.10000000
0.20000000
0.30000000
0.36666670
0.40000000
0.43333340
0.46666670
0.53333340
0.66666670
0.70000000
0.73333330
0.80000000
-0.05550989
-0.05831611
-0.06218136
-0.06288281
-0.05845755
-0.05347907
-0.04584146
-0.01927064
0.00053124
0.00868747
0.00192212
-0.01288014
-0.04122514
-0.05186720
14
0.00000000
0.03333334
0.10000000
0.20000000
0.30000000
0.36666670
0.40000000
0.43333340
0.46666670
0.53333340
0.66666670
0.70000000
0.73333330
0.80000000
-0.01425762
0.04800471
0.01857159
-0.11084720
-0.15059860
-0.08297129
-0.04038160
0.02560616
0.05596353
-0.00089741
-0.15540720
-0.15802560
-0.13356480
-0.06478734
14
0.00000000
0.03333334
0.10000000
0.20000000
0.30000000
0.36666670
0.40000000
0.43333340
0.46666670
0.53333340
0.66666670
0.70000000
0.73333330
0.80000000
0.99835590
0.99713960
0.99789150
0.99181940
0.98682220
0.99510500
0.99813010
0.99948630
0.99843270
0.99996190
0.98784860
0.98734830
0.99016520
0.99654390
2
0.00000000
0.80000000
1.00000000
1.00000000
2
0.00000000
0.80000000
1.00000000
1.00000000
2
0.00000000
0.80000000
1.00000000
1.00000000
J_L_HairTail_02
2
0.00000000
0.80000000
-0.13655790
-0.13655790
2
0.00000000
0.80000000
0.00000000
0.00000000
2
0.00000000
0.80000000
0.00000000
0.00000000
3
0.00000000
0.40000000
0.80000000
-0.01681283
-0.01553020
-0.01553020
3
0.00000000
0.40000000
0.80000000
-0.03586917
-0.03262482
-0.03262482
3
0.00000000
0.40000000
0.80000000
-0.15943620
-0.14898770
-0.14898770
3
0.00000000
0.40000000
0.80000000
0.98641310
0.98817870
0.98817870
2
0.00000000
0.80000000
1.00000000
1.00000000
2
0.00000000
0.80000000
1.00000000
1.00000000
2
0.00000000
0.80000000
1.00000000
1.00000000
J_L_HairTail_03
2
0.00000000
0.80000000
-0.13229260
-0.13229260
2
0.00000000
0.80000000
0.00000000
0.00000000
2
0.00000000
0.80000000
0.00000000
0.00000000
9
0.00000000
0.10000000
0.20000000
0.30000000
0.40000000
0.50000000
0.60000000
0.73333330
0.80000000
0.00115192
0.00708202
0.01194873
0.00282708
0.00311260
0.00540588
0.01125727
0.00376419
0.00303353
9
0.00000000
0.10000000
0.20000000
0.30000000
0.40000000
0.50000000
0.60000000
0.73333330
0.80000000
-0.09914179
-0.13721970
-0.14486420
-0.10807200
-0.08378267
-0.10913030
-0.12726180
-0.10137170
-0.08360696
9
0.00000000
0.10000000
0.20000000
0.30000000
0.40000000
0.50000000
0.60000000
0.73333330
0.80000000
-0.15289840
0.00878828
0.07037973
-0.08591574
-0.17122620
-0.02476132
0.07998518
-0.07621981
-0.17584500
9
0.00000000
0.10000000
0.20000000
0.30000000
0.40000000
0.50000000
0.60000000
0.73333330
0.80000000
0.98325560
0.99047640
0.98687300
0.99041960
0.98165800
0.99370430
0.98857480
0.99191740
0.98085640
2
0.00000000
0.80000000
1.00000000
1.00000000
2
0.00000000
0.80000000
1.00000000
1.00000000
2
0.00000000
0.80000000
1.00000000
1.00000000
J_L_HairTail_04
2
0.00000000
0.80000000
-0.13752590
-0.13752590
2
0.00000000
0.80000000
0.00000000
0.00000000
2
0.00000000
0.80000000
0.00000000
0.00000000
9
0.00000000
0.13333330
0.23333330
0.33333330
0.43333340
0.53333340
0.63333330
0.76666670
0.80000000
0.02070334
0.03547382
0.03256495
0.01916885
0.01919331
0.03312798
0.03626052
0.01978094
0.01702545
9
0.00000000
0.13333330
0.23333330
0.33333330
0.43333340
0.53333340
0.63333330
0.76666670
0.80000000
-0.02771257
-0.05971499
-0.05799130
-0.03327294
-0.03469151
-0.06228903
-0.06624755
-0.03607449
-0.02721891
9
0.00000000
0.13333330
0.23333330
0.33333330
0.43333340
0.53333340
0.63333330
0.76666670
0.80000000
0.00420655
0.14566210
0.12714040
0.00799241
0.00785891
0.12692580
0.14845890
0.01435895
-0.01784174
9
0.00000000
0.13333330
0.23333330
0.33333330
0.43333340
0.53333340
0.63333330
0.76666670
0.80000000
0.99939270
0.98689320
0.98965240
0.99923050
0.99918290
0.98940010
0.98603060
0.99905010
0.99932520
2
0.00000000
0.80000000
1.00000000
1.00000000
2
0.00000000
0.80000000
1.00000000
1.00000000
2
0.00000000
0.80000000
1.00000000
1.00000000
J_L_HairTail_05
2
0.00000000
0.80000000
-0.14597840
-0.14597840
2
0.00000000
0.80000000
0.00000000
0.00000000
2
0.00000000
0.80000000
0.00000000
0.00000000
9
0.00000000
0.13333330
0.23333330
0.33333330
0.43333340
0.53333340
0.63333330
0.76666670
0.80000000
-0.00090178
0.01198539
0.00937555
-0.00060231
-0.00049633
0.00762225
0.00984677
-0.00024379
-0.00143516
9
0.00000000
0.13333330
0.23333330
0.33333330
0.43333340
0.53333340
0.63333330
0.76666670
0.80000000
-0.08137027
-0.12317550
-0.11558540
-0.07639083
-0.07074085
-0.09850024
-0.10370330
-0.07363327
-0.06605540
9
0.00000000
0.13333330
0.23333330
0.33333330
0.43333340
0.53333340
0.63333330
0.76666670
0.80000000
-0.02249663
0.11988990
0.10141830
-0.01870164
-0.01870471
0.10156520
0.12302530
-0.01209676
-0.04508391
9
0.00000000
0.13333330
0.23333330
0.33333330
0.43333340
0.53333340
0.63333330
0.76666670
0.80000000
0.99642960
0.98504350
0.98806200
0.99690240
0.99731920
0.98991110
0.98692120
0.99721200
0.99679590
2
0.00000000
0.80000000
1.00000100
1.00000100
2
0.00000000
0.80000000
1.00000000
1.00000000
2
0.00000000
0.80000000
1.00000100
1.00000100
J_R_HairTail_00
2
0.00000000
0.80000000
-0.03349167
-0.03349167
2
0.00000000
0.80000000
-0.07271498
-0.07271498
2
0.00000000
0.80000000
-0.05859684
-0.05859684
6
0.00000000
0.20000000
0.40000000
0.63333330
0.76666670
0.80000000
0.17524770
0.14209070
0.17867460
0.14060280
0.17932430
0.17951460
6
0.00000000
0.20000000
0.40000000
0.63333330
0.76666670
0.80000000
0.01264470
0.02365638
0.01193396
0.02623721
0.01167983
0.01164775
6
0.00000000
0.20000000
0.40000000
0.63333330
0.76666670
0.80000000
0.91939430
0.90490300
0.92812780
0.92251320
0.92733190
0.92820640
6
0.00000000
0.20000000
0.40000000
0.63333330
0.76666670
0.80000000
0.35191260
0.40050120
0.32636140
0.35848530
0.32827100
0.32568640
2
0.00000000
0.80000000
1.00000100
1.00000100
2
0.00000000
0.80000000
1.00000100
1.00000100
2
0.00000000
0.80000000
1.00000000
1.00000000
J_R_HairTail_01
2
0.00000000
0.80000000
-0.11597510
-0.11597510
2
0.00000000
0.80000000
0.00000000
0.00000000
2
0.00000000
0.80000000
0.00000000
0.00000000
14
0.00000000
0.03333334
0.10000000
0.20000000
0.30000000
0.36666670
0.40000000
0.43333340
0.46666670
0.53333340
0.66666670
0.70000000
0.73333330
0.80000000
-0.00066962
0.00293139
0.00128064
-0.00690528
-0.00879822
-0.00433621
-0.00173151
0.00061755
0.00009443
0.00013131
0.00042632
-0.00193750
-0.00543759
-0.00324909
14
0.00000000
0.03333334
0.10000000
0.20000000
0.30000000
0.36666670
0.40000000
0.43333340
0.46666670
0.53333340
0.66666670
0.70000000
0.73333330
0.80000000
-0.05654694
-0.05936738
-0.06322610
-0.06388903
-0.05944867
-0.05449564
-0.04687179
-0.02031880
-0.00052341
0.00764538
0.00093114
-0.01386995
-0.04222398
-0.05288979
14
0.00000000
0.03333334
0.10000000
0.20000000
0.30000000
0.36666670
0.40000000
0.43333340
0.46666670
0.53333340
0.66666670
0.70000000
0.73333330
0.80000000
-0.01426749
0.04799791
0.01856210
-0.11086550
-0.15061780
-0.08298453
-0.04039018
0.02560667
0.05596844
-0.00089045
-0.15540180
-0.15802630
-0.13357610
-0.06479904
14
0.00000000
0.03333334
0.10000000
0.20000000
0.30000000
0.36666670
0.40000000
0.43333340
0.46666670
0.53333340
0.66666670
0.70000000
0.73333330
0.80000000
0.99829780
0.99707730
0.99782580
0.99175570
0.98676380
0.99505030
0.99808250
0.99946540
0.99843240
0.99997040
0.98785080
0.98733560
0.99012370
0.99649040
2
0.00000000
0.80000000
1.00000000
1.00000000
2
0.00000000
0.80000000
1.00000000
1.00000000
2
0.00000000
0.80000000
1.00000000
1.00000000
J_R_HairTail_02
2
0.00000000
0.80000000
-0.13656150
-0.13656150
2
0.00000000
0.80000000
0.00000000
0.00000000
2
0.00000000
0.80000000
0.00000000
0.00000000
3
0.00000000
0.40000000
0.80000000
-0.00104989
-0.00017430
-0.00017430
3
0.00000000
0.40000000
0.80000000
-0.07423185
-0.07116022
-0.07116022
3
0.00000000
0.40000000
0.80000000
-0.16032190
-0.14979990
-0.14979990
3
0.00000000
0.40000000
0.80000000
0.98426900
0.98615220
0.98615220
2
0.00000000
0.80000000
1.00000000
1.00000000
2
0.00000000
0.80000000
1.00000000
1.00000000
2
0.00000000
0.80000000
1.00000000
1.00000000
J_R_HairTail_03
2
0.00000000
0.80000000
-0.13228850
-0.13228850
2
0.00000000
0.80000000
0.00000000
0.00000000
2
0.00000000
0.80000000
0.00000000
0.00000000
9
0.00000000
0.10000000
0.20000000
0.30000000
0.40000000
0.50000000
0.60000000
0.73333330
0.80000000
-0.02181629
-0.00511549
0.00392991
-0.01573108
-0.02107266
-0.00908644
0.00386433
-0.01416318
-0.02145193
9
0.00000000
0.10000000
0.20000000
0.30000000
0.40000000
0.50000000
0.60000000
0.73333330
0.80000000
-0.03473067
-0.07014834
-0.07722314
-0.04229422
-0.01975145
-0.04234047
-0.05942375
-0.03538383
-0.01968962
9
0.00000000
0.10000000
0.20000000
0.30000000
0.40000000
0.50000000
0.60000000
0.73333330
0.80000000
-0.15133730
0.01006170
0.07127963
-0.08450946
-0.16995200
-0.02365853
0.08068205
-0.07498575
-0.17455680
9
0.00000000
0.10000000
0.20000000
0.30000000
0.40000000
0.50000000
0.60000000
0.73333330
0.80000000
0.98763100
0.99747270
0.99445480
0.99540040
0.98502900
0.99878170
0.99495950
0.99645600
0.98421650
2
0.00000000
0.80000000
1.00000000
1.00000000
2
0.00000000
0.80000000
1.00000000
1.00000000
2
0.00000000
0.80000000
1.00000000
1.00000000
J_R_HairTail_04
2
0.00000000
0.80000000
-0.13752580
-0.13752580
2
0.00000000
0.80000000
0.00000000
0.00000000
2
0.00000000
0.80000000
0.00000000
0.00000000
9
0.00000000
0.13333330
0.23333330
0.33333330
0.43333340
0.53333340
0.63333330
0.76666670
0.80000000
-0.02107213
-0.01350162
-0.01504082
-0.01905421
-0.01906189
-0.01448355
-0.01293074
-0.01898396
-0.01917705
9
0.00000000
0.13333330
0.23333330
0.33333330
0.43333340
0.53333340
0.63333330
0.76666670
0.80000000
-0.12308070
-0.13545220
-0.12554230
-0.10312220
-0.10453050
-0.12981330
-0.13494440
-0.10539840
-0.09957951
9
0.00000000
0.13333330
0.23333330
0.33333330
0.43333340
0.53333340
0.63333330
0.76666670
0.80000000
0.00802699
0.15035540
0.13241200
0.01136065
0.01153075
0.13257280
0.15374490
0.01824106
-0.01557504
9
0.00000000
0.13333330
0.23333330
0.33333330
0.43333340
0.53333340
0.63333330
0.76666670
0.80000000
0.99214050
0.97921590
0.98309710
0.99442130
0.99427220
0.98252900
0.97876720
0.99408150
0.99472290
2
0.00000000
0.80000000
1.00000000
1.00000000
2
0.00000000
0.80000000
1.00000000
1.00000000
2
0.00000000
0.80000000
1.00000000
1.00000000
J_R_HairTail_05
2
0.00000000
0.80000000
-0.14597890
-0.14597890
2
0.00000000
0.80000000
0.00000000
0.00000000
2
0.00000000
0.80000000
0.00000000
0.00000000
9
0.00000000
0.13333330
0.23333330
0.33333330
0.43333340
0.53333340
0.63333330
0.76666670
0.80000000
-0.00214857
0.01463277
0.01151712
-0.00174578
-0.00164019
0.00976731
0.01257945
-0.00120707
-0.00329935
9
0.00000000
0.13333330
0.23333330
0.33333330
0.43333340
0.53333340
0.63333330
0.76666670
0.80000000
-0.05411937
-0.09612980
-0.08847179
-0.04912645
-0.04346719
-0.07134236
-0.07661156
-0.04635729
-0.03881454
9
0.00000000
0.13333330
0.23333330
0.33333330
0.43333340
0.53333340
0.63333330
0.76666670
0.80000000
-0.02241189
0.11959570
0.10119760
-0.01862966
-0.01863921
0.10138150
0.12277600
-0.01203880
-0.04498586
9
0.00000000
0.13333330
0.23333330
0.33333330
0.43333340
0.53333340
0.63333330
0.76666670
0.80000000
0.99828060
0.98804950
0.99085780
0.99861730
0.99887960
0.99223820
0.98939300
0.99885170
0.99822780
2
0.00000000
0.80000000
1.00000100
1.00000100
2
0.00000000
0.80000000
1.00000000
1.00000000
2
0.00000000
0.80000000
1.00000100
1.00000100
J_Mune_root_00
1
0.00000000
-0.08766683
1
0.00000000
-0.00030448
1
0.00000000
0.00000002
4
0.00000000
0.23333330
0.60000000
0.80000000
-0.50080350
-0.48987030
-0.51373040
-0.50387940
4
0.00000000
0.23333330
0.60000000
0.80000000
0.56663950
0.56315960
0.57613460
0.56495700
4
0.00000000
0.23333330
0.60000000
0.80000000
0.40418300
0.41835440
0.38436460
0.40463390
4
0.00000000
0.23333330
0.60000000
0.80000000
0.51454020
0.51754990
0.50637330
0.51303080
2
0.00000000
0.80000000
1.00000000
1.00000000
2
0.00000000
0.80000000
1.00000100
1.00000100
2
0.00000000
0.80000000
1.00000000
1.00000000
J_L_SusoSide_00
2
0.00000000
0.80000000
-0.05543403
-0.05543403
2
0.00000000
0.80000000
0.00173068
0.00173068
2
0.00000000
0.80000000
0.09865373
0.09865373
6
0.00000000
0.23333330
0.40000000
0.53333340
0.66666670
0.80000000
-0.16097280
-0.21875850
-0.14198930
-0.21875850
-0.21672720
-0.14019910
6
0.00000000
0.23333330
0.40000000
0.53333340
0.66666670
0.80000000
0.68547650
0.66927940
0.68965880
0.66927940
0.66993990
0.69002490
6
0.00000000
0.23333330
0.40000000
0.53333340
0.66666670
0.80000000
0.69823910
0.68470790
0.70153730
0.68470790
0.68527540
0.70181980
6
0.00000000
0.23333330
0.40000000
0.53333340
0.66666670
0.80000000
0.12912040
0.18810870
0.10979690
0.18810870
0.18603070
0.10797590
2
0.00000000
0.80000000
1.00000000
1.00000000
2
0.00000000
0.80000000
1.00000000
1.00000000
2
0.00000000
0.80000000
1.00000000
1.00000000
J_R_SusoSide_00
2
0.00000000
0.80000000
-0.05543370
-0.05543370
2
0.00000000
0.80000000
0.00173073
0.00173073
2
0.00000000
0.80000000
-0.09865367
-0.09865367
6
0.00000000
0.23333330
0.40000000
0.53333340
0.66666670
0.80000000
0.68547640
0.66927920
0.68965860
0.66927920
0.66993980
0.69002480
6
0.00000000
0.23333330
0.40000000
0.53333340
0.66666670
0.80000000
0.16097330
0.21875910
0.14198990
0.21875910
0.21672780
0.14019980
6
0.00000000
0.23333330
0.40000000
0.53333340
0.66666670
0.80000000
-0.12912090
-0.18810920
-0.10979740
-0.18810920
-0.18603120
-0.10797650
6
0.00000000
0.23333330
0.40000000
0.53333340
0.66666670
0.80000000
0.69823900
0.68470780
0.70153710
0.68470780
0.68527530
0.70181970
2
0.00000000
0.80000000
1.00000000
1.00000000
2
0.00000000
0.80000000
1.00000000
1.00000000
2
0.00000000
0.80000000
1.00000000
1.00000000
J_L_Skirt_00
2
0.00000000
0.80000000
-0.06887829
-0.06887829
2
0.00000000
0.80000000
0.07501759
0.07501759
2
0.00000000
0.80000000
0.05685667
0.05685667
8
0.00000000
0.13333330
0.20000000
0.36666670
0.40000000
0.46666670
0.56666670
0.80000000
-0.19963680
-0.28274920
-0.23495390
-0.11596660
-0.11725440
-0.20079160
-0.25193460
-0.14141150
8
0.00000000
0.13333330
0.20000000
0.36666670
0.40000000
0.46666670
0.56666670
0.80000000
0.97880160
0.95810250
0.97092960
0.99219920
0.99204780
0.97856540
0.96666250
0.98889350
8
0.00000000
0.13333330
0.20000000
0.36666670
0.40000000
0.46666670
0.56666670
0.80000000
-0.00914174
-0.01294764
-0.01075901
-0.00531040
-0.00536939
-0.00919462
-0.01153663
-0.00647548
8
0.00000000
0.13333330
0.20000000
0.36666670
0.40000000
0.46666670
0.56666670
0.80000000
0.04482137
0.04387346
0.04446087
0.04543483
0.04542796
0.04481058
0.04426547
0.04528344
2
0.00000000
0.80000000
1.00000000
1.00000000
2
0.00000000
0.80000000
1.00000000
1.00000000
2
0.00000000
0.80000000
1.00000000
1.00000000
J_L_Skirt_01
2
0.00000000
0.80000000
-0.14191040
-0.14191040
2
0.00000000
0.80000000
0.00000000
0.00000000
2
0.00000000
0.80000000
0.00000000
0.00000000
10
0.00000000
0.03333334
0.16666670
0.26666670
0.33333330
0.40000000
0.56666670
0.70000000
0.76666670
0.80000000
-0.00264142
-0.00182944
-0.00592143
-0.00807650
-0.00509811
-0.00231376
-0.00595091
-0.00809840
-0.00454116
-0.00265625
10
0.00000000
0.03333334
0.16666670
0.26666670
0.33333330
0.40000000
0.56666670
0.70000000
0.76666670
0.80000000
0.03391820
0.03397167
0.03350162
0.03304832
0.03363675
0.03394213
0.03349639
0.03304297
0.03371646
0.03391705
10
0.00000000
0.03333334
0.16666670
0.26666670
0.33333330
0.40000000
0.56666670
0.70000000
0.76666670
0.80000000
-0.12163540
-0.09787510
-0.21735470
-0.28001210
-0.19336800
-0.11205030
-0.21821320
-0.28064760
-0.17712630
-0.12206920
10
0.00000000
0.03333334
0.16666670
0.26666670
0.33333330
0.40000000
0.56666670
0.70000000
0.76666670
0.80000000
0.99199160
0.99461700
0.97549960
0.95939340
0.98053630
0.99312000
0.97530790
0.95920780
0.98360000
0.99193840
2
0.00000000
0.80000000
1.00000000
1.00000000
2
0.00000000
0.80000000
1.00000000
1.00000000
2
0.00000000
0.80000000
1.00000000
1.00000000
J_L_SusoFront_00
2
0.00000000
0.80000000
0.00000000
0.00000000
2
0.00000000
0.80000000
-0.00000003
-0.00000003
2
0.00000000
0.80000000
0.00000000
0.00000000
3
0.00000000
0.23333330
0.80000000
0.00064264
0.00061369
0.00059957
3
0.00000000
0.23333330
0.80000000
-0.00732682
-0.00732855
-0.00732968
3
0.00000000
0.23333330
0.80000000
-0.13242390
-0.12747770
-0.12557580
3
0.00000000
0.23333330
0.80000000
0.99116590
0.99181420
0.99205680
2
0.00000000
0.80000000
0.99999950
0.99999950
2
0.00000000
0.80000000
0.99999950
0.99999950
2
0.00000000
0.80000000
0.99999960
0.99999960
J_L_SkirtBack_00
2
0.00000000
0.80000000
-0.07235061
-0.07235061
2
0.00000000
0.80000000
-0.04127109
-0.04127109
2
0.00000000
0.80000000
0.05315229
0.05315229
6
0.00000000
0.23333330
0.40000000
0.53333340
0.66666670
0.80000000
-0.05518754
-0.05505845
-0.05514338
-0.05505845
-0.05506992
-0.05513706
6
0.00000000
0.23333330
0.40000000
0.53333340
0.66666670
0.80000000
0.00083802
-0.00386442
0.00236111
-0.00386442
-0.00369737
0.00250419
6
0.00000000
0.23333330
0.40000000
0.53333340
0.66666670
0.80000000
0.97504280
0.95318940
0.98060750
0.95318940
0.95408690
0.98109220
6
0.00000000
0.23333330
0.40000000
0.53333340
0.66666670
0.80000000
0.21504670
0.29729370
0.18804950
0.29729370
0.29440070
0.18550410
2
0.00000000
0.80000000
1.00000000
1.00000000
2
0.00000000
0.80000000
1.00000000
1.00000000
2
0.00000000
0.80000000
1.00000000
1.00000000
J_L_SkirtBack_01
2
0.00000000
0.80000000
-0.14993030
-0.14993030
2
0.00000000
0.80000000
0.00000000
0.00000000
2
0.00000000
0.80000000
0.00000000
0.00000000
11
0.00000000
0.03333334
0.13333330
0.23333330
0.26666670
0.33333330
0.40000000
0.56666670
0.70000000
0.76666670
0.80000000
0.00761869
0.00583692
0.01082946
0.01682923
0.01720065
0.01175365
0.00664435
0.01331524
0.01724061
0.01073295
0.00727370
11
0.00000000
0.03333334
0.13333330
0.23333330
0.26666670
0.33333330
0.40000000
0.56666670
0.70000000
0.76666670
0.80000000
-0.06227128
-0.06246348
-0.06179385
-0.06043620
-0.06033154
-0.06162474
-0.06238277
-0.06130629
-0.06032013
-0.06181068
-0.06231252
11
0.00000000
0.03333334
0.13333330
0.23333330
0.26666670
0.33333330
0.40000000
0.56666670
0.70000000
0.76666670
0.80000000
-0.08471988
-0.05628143
-0.13604310
-0.23221960
-0.23818550
-0.15083450
-0.06916487
-0.17584650
-0.23882750
-0.13449890
-0.07921126
11
0.00000000
0.03333334
0.13333330
0.23333330
0.26666670
0.33333330
0.40000000
0.56666670
0.70000000
0.76666670
0.80000000
0.99442790
0.99644200
0.98871460
0.97063810
0.96919140
0.98656640
0.99563070
0.98241660
0.96903340
0.98892580
0.99488190
2
0.00000000
0.80000000
1.00000000
1.00000000
2
0.00000000
0.80000000
1.00000000
1.00000000
2
0.00000000
0.80000000
1.00000000
1.00000000
J_L_SusoBack_00
2
0.00000000
0.80000000
0.00000000
0.00000000
2
0.00000000
0.80000000
0.00000000
0.00000000
2
0.00000000
0.80000000
0.00000000
0.00000000
3
0.00000000
0.23333330
0.80000000
-0.00000509
0.00021888
0.00030496
3
0.00000000
0.23333330
0.80000000
0.04489687
0.04489633
0.04489584
3
0.00000000
0.23333330
0.80000000
-0.09521786
-0.09025587
-0.08834813
3
0.00000000
0.23333330
0.80000000
0.99444350
0.99490610
0.99507730
2
0.00000000
0.80000000
1.00000000
1.00000000
2
0.00000000
0.80000000
1.00000000
1.00000000
2
0.00000000
0.80000000
1.00000000
1.00000000
J_R_Skirt_00
2
0.00000000
0.80000000
-0.06847220
-0.06847220
2
0.00000000
0.80000000
0.07501754
0.07501754
2
0.00000000
0.80000000
-0.05734446
-0.05734446
11
0.00000000
0.10000000
0.23333330
0.36666670
0.40000000
0.46666670
0.50000000
0.53333340
0.56666670
0.70000000
0.80000000
-0.16057680
-0.23199160
-0.22881840
-0.16476800
-0.18243430
-0.31521580
-0.36509780
-0.35421760
-0.29057530
-0.17368770
-0.11165780
11
0.00000000
0.10000000
0.23333330
0.36666670
0.40000000
0.46666670
0.50000000
0.53333340
0.56666670
0.70000000
0.80000000
0.98612100
0.97180210
0.97255420
0.98542930
0.98231220
0.94808150
0.93001240
0.93421060
0.95592130
0.98389640
0.99285050
11
0.00000000
0.10000000
0.23333330
0.36666670
0.40000000
0.46666670
0.50000000
0.53333340
0.56666670
0.70000000
0.80000000
0.00678171
0.00979785
0.00966383
0.00695877
0.00770493
0.01331278
0.01541948
0.01495988
0.01227209
0.00733551
0.00471578
11
0.00000000
0.10000000
0.23333330
0.36666670
0.40000000
0.46666670
0.50000000
0.53333340
0.56666670
0.70000000
0.80000000
-0.04164760
-0.04104282
-0.04107455
-0.04161837
-0.04148675
-0.04004107
-0.03927791
-0.03945516
-0.04037213
-0.04155364
-0.04193173
2
0.00000000
0.80000000
1.00000000
1.00000000
2
0.00000000
0.80000000
1.00000000
1.00000000
2
0.00000000
0.80000000
1.00000000
1.00000000
J_R_Skirt_01
2
0.00000000
0.80000000
-0.14191030
-0.14191030
2
0.00000000
0.80000000
0.00000000
0.00000000
2
0.00000000
0.80000000
0.00000000
0.00000000
10
0.00000000
0.03333334
0.16666670
0.26666670
0.33333330
0.40000000
0.56666670
0.70000000
0.76666670
0.80000000
0.00264141
0.00182943
0.00592141
0.00807648
0.00509810
0.00231375
0.00595089
0.00809837
0.00454115
0.00265624
10
0.00000000
0.03333334
0.16666670
0.26666670
0.33333330
0.40000000
0.56666670
0.70000000
0.76666670
0.80000000
-0.03391813
-0.03397161
-0.03350155
-0.03304826
-0.03363668
-0.03394206
-0.03349633
-0.03304290
-0.03371639
-0.03391698
10
0.00000000
0.03333334
0.16666670
0.26666670
0.33333330
0.40000000
0.56666670
0.70000000
0.76666670
0.80000000
-0.12163460
-0.09787434
-0.21735400
-0.28001140
-0.19336730
-0.11204960
-0.21821240
-0.28064690
-0.17712560
-0.12206840
10
0.00000000
0.03333334
0.16666670
0.26666670
0.33333330
0.40000000
0.56666670
0.70000000
0.76666670
0.80000000
0.99199180
0.99461710
0.97549980
0.95939370
0.98053640
0.99312010
0.97530810
0.95920800
0.98360010
0.99193850
2
0.00000000
0.80000000
1.00000000
1.00000000
2
0.00000000
0.80000000
1.00000000
1.00000000
2
0.00000000
0.80000000
1.00000000
1.00000000
J_R_SusoFront_00
2
0.00000000
0.80000000
0.00000000
0.00000000
2
0.00000000
0.80000000
0.00000000
0.00000000
2
0.00000000
0.80000000
0.00000000
0.00000000
3
0.00000000
0.23333330
0.80000000
-0.00065749
-0.00061368
-0.00059961
3
0.00000000
0.23333330
0.80000000
0.00732380
0.00732835
0.00732951
3
0.00000000
0.23333330
0.80000000
-0.13242350
-0.12747750
-0.12557560
3
0.00000000
0.23333330
0.80000000
0.99116600
0.99181420
0.99205680
2
0.00000000
0.80000000
0.99999950
0.99999950
2
0.00000000
0.80000000
0.99999950
0.99999950
2
0.00000000
0.80000000
0.99999960
0.99999960
J_R_SkirtBack_00
2
0.00000000
0.80000000
-0.07197127
-0.07197127
2
0.00000000
0.80000000
-0.04127112
-0.04127112
2
0.00000000
0.80000000
-0.05366487
-0.05366487
7
0.00000000
0.20000000
0.33333330
0.43333340
0.60000000
0.76666670
0.80000000
0.00160180
-0.00392581
0.00209203
0.00209203
-0.00419544
0.00182365
0.00316305
7
0.00000000
0.20000000
0.33333330
0.43333340
0.60000000
0.76666670
0.80000000
0.05172423
0.05159990
0.05170672
0.05170672
0.05157867
0.05171688
0.05165226
7
0.00000000
0.20000000
0.33333330
0.43333340
0.60000000
0.76666670
0.80000000
-0.21504240
-0.31786270
-0.20578840
-0.20578840
-0.32280640
-0.21085730
-0.18549410
7
0.00000000
0.20000000
0.33333330
0.43333340
0.60000000
0.76666670
0.80000000
0.97523270
0.94672350
0.97722730
0.97722730
0.94504920
0.97614620
0.98128180
2
0.00000000
0.80000000
1.00000000
1.00000000
2
0.00000000
0.80000000
1.00000000
1.00000000
2
0.00000000
0.80000000
1.00000000
1.00000000
J_R_SkirtBack_01
2
0.00000000
0.80000000
0.14993040
0.14993040
2
0.00000000
0.80000000
0.00000000
0.00000000
2
0.00000000
0.80000000
-0.00000001
-0.00000001
11
0.00000000
0.03333334
0.13333330
0.23333330
0.26666670
0.33333330
0.40000000
0.56666670
0.70000000
0.76666670
0.80000000
0.01782084
0.01613460
0.02083743
0.02639605
0.02673670
0.02170040
0.01689982
0.02315304
0.02677332
0.02074717
0.01749503
11
0.00000000
0.03333334
0.13333330
0.23333330
0.26666670
0.33333330
0.40000000
0.56666670
0.70000000
0.76666670
0.80000000
-0.05878111
-0.05926615
-0.05778065
-0.05546215
-0.05529875
-0.05746211
-0.05905250
-0.05689234
-0.05528102
-0.05781312
-0.05887891
11
0.00000000
0.03333334
0.13333330
0.23333330
0.26666670
0.33333330
0.40000000
0.56666670
0.70000000
0.76666670
0.80000000
-0.08406599
-0.05562387
-0.13539720
-0.23159360
-0.23756090
-0.15019120
-0.06850891
-0.17520800
-0.23820300
-0.13385270
-0.07855661
11
0.00000000
0.03333334
0.13333330
0.23333330
0.26666670
0.33333330
0.40000000
0.56666670
0.70000000
0.76666670
0.80000000
0.99456530
0.99656070
0.98888560
0.97087160
0.96942870
0.98674710
0.99575790
0.98261350
0.96927110
0.98909590
0.99501560
2
0.00000000
0.80000000
1.00000000
1.00000000
2
0.00000000
0.80000000
1.00000000
1.00000000
2
0.00000000
0.80000000
1.00000000
1.00000000
J_R_SusoBack_00
2
0.00000000
0.80000000
0.00000000
0.00000000
2
0.00000000
0.80000000
0.00000000
0.00000000
2
0.00000000
0.80000000
0.00000000
0.00000000
3
0.00000000
0.23333330
0.80000000
-0.00000509
0.00021888
0.00030496
3
0.00000000
0.23333330
0.80000000
0.04489688
0.04489635
0.04489585
3
0.00000000
0.23333330
0.80000000
-0.09521786
-0.09025587
-0.08834813
3
0.00000000
0.23333330
0.80000000
0.99444350
0.99490610
0.99507730
2
0.00000000
0.80000000
1.00000000
1.00000000
2
0.00000000
0.80000000
1.00000000
1.00000000
2
0.00000000
0.80000000
1.00000000
1.00000000
