111 MTH_DEF
1
0.00000000
1.28945800
1
0.00000000
-0.16327990
1
0.00000000
-0.01346737
1
0.00000000
-0.47192220
1
0.00000000
0.54678040
1
0.00000000
0.45703630
1
0.00000000
0.51907460
1
0.00000000
1.00000100
1
0.00000000
1.00000100
1
0.00000000
1.00000100
EYE_DEF
1
0.00000000
1.28945800
1
0.00000000
-0.16327990
1
0.00000000
-0.01346737
1
0.00000000
-0.47192220
1
0.00000000
0.54678040
1
0.00000000
0.45703630
1
0.00000000
0.51907460
1
0.00000000
1.00000100
1
0.00000000
1.00000100
1
0.00000000
1.00000100
EL_DEF
1
0.00000000
0.00000000
1
0.00000000
0.00000000
1
0.00000000
0.00000000
1
0.00000000
0.00000000
1
0.00000000
0.00000000
1
0.00000000
0.00000000
1
0.00000000
1.00000000
1
0.00000000
1.00000000
1
0.00000000
1.00000000
1
0.00000000
1.00000000
BLW_DEF
1
0.00000000
1.28945800
1
0.00000000
-0.16327990
1
0.00000000
-0.01346737
1
0.00000000
-0.47192220
1
0.00000000
0.54678040
1
0.00000000
0.45703630
1
0.00000000
0.51907460
1
0.00000000
1.00000100
1
0.00000000
1.00000100
1
0.00000000
1.00000100
Character1_Hips
24
0.00000000
0.03333334
0.06666666
0.10000000
0.13333330
0.16666670
0.20000000
0.26666670
0.30000000
0.33333330
0.36666670
0.40000000
0.43333330
0.46666670
0.50000000
0.53333330
0.56666670
0.60000000
0.63333330
0.66666660
0.70000000
0.73333330
0.76666670
0.80000000
0.00396315
0.00305291
0.00183208
0.00043987
-0.00097065
-0.00207974
-0.00308952
-0.00480458
-0.00551094
-0.00621224
-0.00664605
-0.00656082
-0.00567465
-0.00429650
-0.00243419
-0.00055596
0.00060797
0.00100638
0.00129002
0.00196190
0.00267340
0.00340156
0.00405052
0.00440375
24
0.00000000
0.03333334
0.06666666
0.10000000
0.13333330
0.16666670
0.20000000
0.26666670
0.30000000
0.33333330
0.36666670
0.40000000
0.43333330
0.46666670
0.50000000
0.53333330
0.56666670
0.60000000
0.63333330
0.66666660
0.70000000
0.73333330
0.76666670
0.80000000
0.83387020
0.84679100
0.86327770
0.87918850
0.89038500
0.89299540
0.88756820
0.86292800
0.84879480
0.83684990
0.82966410
0.83003230
0.83959940
0.85466830
0.87127300
0.88525340
0.89244960
0.89071950
0.88230300
0.86974970
0.85557400
0.84229840
0.83247500
0.82864640
24
0.00000000
0.03333334
0.06666666
0.10000000
0.13333330
0.16666670
0.20000000
0.26666670
0.30000000
0.33333330
0.36666670
0.40000000
0.43333330
0.46666670
0.50000000
0.53333330
0.56666670
0.60000000
0.63333330
0.66666660
0.70000000
0.73333330
0.76666670
0.80000000
-0.00471578
0.00061812
0.00720461
0.01315183
0.01654818
0.01652345
0.01401438
0.00491201
-0.00002554
-0.00412681
-0.00656854
-0.00632220
-0.00231110
0.00388283
0.01038966
0.01529142
0.01688113
0.01550804
0.01208219
0.00743014
0.00238097
-0.00224164
-0.00561091
-0.00691181
2
0.00000000
0.80000000
0.54886720
0.54886680
2
0.00000000
0.80000000
-0.46453920
-0.46453940
2
0.00000000
0.80000000
-0.53228310
-0.53228280
2
0.00000000
0.80000000
0.44679180
0.44679230
2
0.00000000
0.80000000
0.99999940
0.99999940
2
0.00000000
0.80000000
0.99999930
0.99999930
2
0.00000000
0.80000000
0.99999960
0.99999960
Character1_LeftUpLeg
1
0.00000000
0.06031916
1
0.00000000
0.00207883
1
0.00000000
0.07298301
22
0.00000000
0.03333334
0.06666668
0.10000000
0.13333330
0.16666670
0.20000000
0.23333330
0.26666670
0.33333330
0.40000000
0.43333340
0.46666670
0.50000000
0.53333340
0.56666670
0.60000000
0.63333330
0.70000000
0.73333330
0.76666670
0.80000000
-0.36001040
-0.40102980
-0.45499970
-0.51613530
-0.51767990
-0.45042350
-0.38735560
-0.28547050
-0.23412890
-0.27503470
-0.21028500
-0.11509400
0.01970077
0.10454220
0.16459140
0.21578610
0.15107930
0.05066254
-0.12057030
-0.21666400
-0.29966940
-0.30373140
22
0.00000000
0.03333334
0.06666668
0.10000000
0.13333330
0.16666670
0.20000000
0.23333330
0.26666670
0.33333330
0.40000000
0.43333340
0.46666670
0.50000000
0.53333340
0.56666670
0.60000000
0.63333330
0.70000000
0.73333330
0.76666670
0.80000000
0.92690120
0.91008200
0.88444630
0.85014450
0.84911040
0.88671060
0.91628430
0.95282800
0.96612410
0.95461430
0.97072450
0.98622010
0.99251370
0.98772080
0.98027190
0.96975780
0.98099830
0.99143550
0.98563510
0.96925590
0.94760760
0.94685630
22
0.00000000
0.03333334
0.06666668
0.10000000
0.13333330
0.16666670
0.20000000
0.23333330
0.26666670
0.33333330
0.40000000
0.43333340
0.46666670
0.50000000
0.53333340
0.56666670
0.60000000
0.63333330
0.70000000
0.73333330
0.76666670
0.80000000
-0.09898614
-0.09532460
-0.09577385
-0.10006600
-0.10378680
-0.10413980
-0.10186970
-0.10307680
-0.10847250
-0.11135240
-0.10964310
-0.11298520
-0.11692860
-0.11209380
-0.10417180
-0.10755740
-0.11088370
-0.10451590
-0.08892087
-0.08771625
-0.09544450
-0.10036630
22
0.00000000
0.03333334
0.06666668
0.10000000
0.13333330
0.16666670
0.20000000
0.23333330
0.26666670
0.33333330
0.40000000
0.43333340
0.46666670
0.50000000
0.53333340
0.56666670
0.60000000
0.63333330
0.70000000
0.73333330
0.76666670
0.80000000
-0.03806100
-0.04288514
-0.03946421
-0.02907735
-0.01572606
-0.00425148
-0.00110503
0.00072751
-0.00464702
-0.02584853
-0.03811442
-0.03684754
-0.02926147
-0.03022286
-0.03354030
-0.03791560
-0.05022182
-0.05971184
-0.07797028
-0.07684879
-0.05593175
-0.03372056
2
0.00000000
0.80000000
1.00000000
1.00000000
2
0.00000000
0.80000000
1.00000000
1.00000000
2
0.00000000
0.80000000
1.00000000
1.00000000
Character1_LeftLeg
1
0.00000000
-0.35179780
1
0.00000000
-0.00801095
1
0.00000000
0.00514626
24
0.00000000
0.03333334
0.06666668
0.10000000
0.13333330
0.16666670
0.20000000
0.23333330
0.26666670
0.30000000
0.33333330
0.36666670
0.40000000
0.43333340
0.46666670
0.50000000
0.53333340
0.56666670
0.60000000
0.63333330
0.70000000
0.73333330
0.76666670
0.80000000
-0.04751426
-0.04338301
-0.04100804
-0.04184152
-0.04393855
-0.04435121
-0.04379705
-0.04433315
-0.04830487
-0.05307407
-0.05510164
-0.05612672
-0.05852841
-0.06372735
-0.06749278
-0.07159633
-0.07959522
-0.09294500
-0.10992900
-0.10417670
-0.07921282
-0.06736050
-0.05754036
-0.04930516
24
0.00000000
0.03333334
0.06666668
0.10000000
0.13333330
0.16666670
0.20000000
0.23333330
0.26666670
0.30000000
0.33333330
0.36666670
0.40000000
0.43333340
0.46666670
0.50000000
0.53333340
0.56666670
0.60000000
0.63333330
0.70000000
0.73333330
0.76666670
0.80000000
-0.02392156
-0.02751989
-0.02368971
-0.01367173
-0.00706155
-0.00304004
-0.00041301
0.00550306
0.00580869
0.00211201
-0.00790669
-0.01358949
-0.01501998
-0.01064479
0.00222530
0.00324901
0.00076221
0.00018171
-0.01372030
-0.02844901
-0.05617056
-0.05538276
-0.03714831
-0.02282100
24
0.00000000
0.03333334
0.06666668
0.10000000
0.13333330
0.16666670
0.20000000
0.23333330
0.26666670
0.30000000
0.33333330
0.36666670
0.40000000
0.43333340
0.46666670
0.50000000
0.53333340
0.56666670
0.60000000
0.63333330
0.70000000
0.73333330
0.76666670
0.80000000
0.65177720
0.70622460
0.70287610
0.63883010
0.46430740
0.22920390
0.12446090
0.03008793
0.05427457
0.14870390
0.27968700
0.33302350
0.32678800
0.25066060
0.09672946
0.04849190
0.05299561
0.04989373
0.23128680
0.43821450
0.69492200
0.75061920
0.70511030
0.55741240
24
0.00000000
0.03333334
0.06666668
0.10000000
0.13333330
0.16666670
0.20000000
0.23333330
0.26666670
0.30000000
0.33333330
0.36666670
0.40000000
0.43333340
0.46666670
0.50000000
0.53333340
0.56666670
0.60000000
0.63333330
0.70000000
0.73333330
0.76666670
0.80000000
0.75654260
0.70612130
0.70973400
0.76808750
0.88455530
0.97236280
0.99125740
0.99854840
0.99734010
0.98745420
0.95847610
0.94114850
0.94316410
0.96591660
0.99301730
0.99624900
0.99541730
0.99442030
0.96655770
0.89235970
0.71249820
0.65495500
0.70578230
0.82845620
2
0.00000000
0.80000000
0.99999950
0.99999950
2
0.00000000
0.80000000
0.99999950
0.99999950
2
0.00000000
0.80000000
0.99999940
0.99999940
Character1_LeftFoot
1
0.00000000
-0.37866630
1
0.00000000
0.00382815
1
0.00000000
-0.00377702
20
0.00000000
0.06666668
0.10000000
0.13333330
0.16666670
0.20000000
0.23333330
0.30000000
0.33333330
0.36666670
0.43333340
0.46666670
0.53333340
0.56666670
0.60000000
0.63333330
0.70000000
0.73333330
0.76666670
0.80000000
-0.00653207
-0.00829961
-0.00751962
-0.00625693
-0.00428396
-0.00180514
-0.00013511
0.00012379
0.00132948
0.00225733
0.00462877
0.00590178
0.00681265
0.00230924
0.00244018
-0.00105414
-0.00711865
-0.00865991
-0.00616526
-0.00462163
20
0.00000000
0.06666668
0.10000000
0.13333330
0.16666670
0.20000000
0.23333330
0.30000000
0.33333330
0.36666670
0.43333340
0.46666670
0.53333340
0.56666670
0.60000000
0.63333330
0.70000000
0.73333330
0.76666670
0.80000000
0.02173903
0.02331157
0.02140535
0.01877908
0.01337428
0.00905756
-0.00084210
-0.00734026
-0.00280179
-0.00240022
-0.01215662
-0.02545373
-0.03290762
-0.03766064
-0.02696863
-0.01057981
0.01931312
0.02459626
0.02074537
0.01857301
20
0.00000000
0.06666668
0.10000000
0.13333330
0.16666670
0.20000000
0.23333330
0.30000000
0.33333330
0.36666670
0.43333340
0.46666670
0.53333340
0.56666670
0.60000000
0.63333330
0.70000000
0.73333330
0.76666670
0.80000000
-0.19807890
-0.05929950
-0.14995260
-0.27407630
-0.30735470
-0.25775550
-0.20849590
-0.28284630
-0.36014090
-0.39976190
-0.40059020
-0.30871490
-0.06305470
0.06814194
0.08589257
0.04596669
-0.02835960
-0.06167968
-0.17286250
-0.28698780
20
0.00000000
0.06666668
0.10000000
0.13333330
0.16666670
0.20000000
0.23333330
0.30000000
0.33333330
0.36666670
0.43333340
0.46666670
0.53333340
0.56666670
0.60000000
0.63333330
0.70000000
0.73333330
0.76666670
0.80000000
0.97992320
0.99793350
0.98843290
0.96150420
0.95149140
0.96616600
0.97802290
0.95913720
0.93289280
0.91661310
0.91616500
0.95079570
0.99744420
0.99696190
0.99593630
0.99888640
0.99938590
0.99775530
0.98470820
0.95774300
2
0.00000000
0.80000000
0.99999990
0.99999990
2
0.00000000
0.80000000
0.99999960
0.99999960
2
0.00000000
0.80000000
1.00000000
1.00000000
Character1_LeftToeBase
1
0.00000000
-0.08429568
1
0.00000000
0.04771042
1
0.00000000
-0.00392169
2
0.00000000
0.80000000
-0.02381142
-0.02381142
2
0.00000000
0.80000000
0.01439191
0.01439191
2
0.00000000
0.80000000
-0.51871630
-0.51871630
2
0.00000000
0.80000000
0.85449360
0.85449360
2
0.00000000
0.80000000
1.00000000
1.00000000
2
0.00000000
0.80000000
0.99999980
0.99999980
2
0.00000000
0.80000000
1.00000000
1.00000000
Character1_RightUpLeg
1
0.00000000
0.06083579
1
0.00000000
0.00207879
1
0.00000000
-0.07255261
20
0.00000000
0.06666668
0.10000000
0.13333330
0.16666670
0.20000000
0.23333330
0.26666670
0.30000000
0.33333330
0.40000000
0.46666670
0.50000000
0.53333340
0.56666670
0.60000000
0.63333330
0.70000000
0.73333330
0.80000000
-0.18710720
-0.01227918
0.10829470
0.15171750
0.19245870
0.05679712
-0.00503242
-0.03049726
-0.10984660
-0.21996210
-0.37058640
-0.50595580
-0.55680150
-0.54135410
-0.46304650
-0.34052040
-0.29651450
-0.19759230
-0.25727670
-0.23637240
20
0.00000000
0.06666668
0.10000000
0.13333330
0.16666670
0.20000000
0.23333330
0.26666670
0.30000000
0.33333330
0.40000000
0.46666670
0.50000000
0.53333340
0.56666670
0.60000000
0.63333330
0.70000000
0.73333330
0.80000000
0.98201320
0.99963000
0.99380400
0.98808260
0.98078690
0.99777810
0.99936850
0.99890700
0.99339810
0.97507140
0.92837110
0.86193840
0.83006040
0.84032300
0.88596650
0.93996330
0.95480290
0.98016560
0.96615910
0.97131630
20
0.00000000
0.06666668
0.10000000
0.13333330
0.16666670
0.20000000
0.23333330
0.26666670
0.30000000
0.33333330
0.40000000
0.46666670
0.50000000
0.53333340
0.56666670
0.60000000
0.63333330
0.70000000
0.73333330
0.80000000
-0.00401600
0.00155859
0.00797962
0.00947077
0.01627138
0.00808067
0.00383747
-0.00057189
-0.00791625
-0.01682693
-0.02544416
-0.03272567
-0.03096272
-0.02586054
-0.02348671
-0.02240441
-0.02058222
-0.01479011
-0.01739279
-0.01216228
20
0.00000000
0.06666668
0.10000000
0.13333330
0.16666670
0.20000000
0.23333330
0.26666670
0.30000000
0.33333330
0.40000000
0.46666670
0.50000000
0.53333340
0.56666670
0.60000000
0.63333330
0.70000000
0.73333330
0.80000000
0.02499603
0.02422202
0.02371164
0.02418194
0.02742409
0.03387888
0.03496363
0.03541763
0.03211503
0.02386327
0.01206055
-0.00040804
0.00361736
0.01115143
0.00998651
0.00357946
0.00267632
0.00373974
0.00654722
0.02290754
2
0.00000000
0.80000000
1.00000000
1.00000000
2
0.00000000
0.80000000
1.00000000
1.00000000
2
0.00000000
0.80000000
1.00000000
1.00000000
Character1_RightLeg
1
0.00000000
-0.35136370
1
0.00000000
-0.00801128
1
0.00000000
-0.01823371
23
0.00000000
0.06666668
0.10000000
0.13333330
0.16666670
0.20000000
0.23333330
0.26666670
0.33333330
0.36666670
0.40000000
0.43333340
0.46666670
0.50000000
0.53333340
0.56666670
0.60000000
0.63333330
0.66666670
0.70000000
0.73333330
0.76666670
0.80000000
-0.03093140
-0.00969114
0.00584666
0.02364982
0.04627467
0.05707997
0.06000505
0.05274645
0.02314276
0.01586712
0.00852216
-0.00157818
-0.01055135
-0.01721024
-0.02971507
-0.04162053
-0.04105308
-0.04078947
-0.03892691
-0.03830514
-0.04158240
-0.04438696
-0.04597796
23
0.00000000
0.06666668
0.10000000
0.13333330
0.16666670
0.20000000
0.23333330
0.26666670
0.33333330
0.36666670
0.40000000
0.43333340
0.46666670
0.50000000
0.53333340
0.56666670
0.60000000
0.63333330
0.66666670
0.70000000
0.73333330
0.76666670
0.80000000
-0.01248801
-0.00852811
-0.00974822
-0.00986730
-0.00900913
0.01548069
0.02620590
0.02903312
0.02042861
0.01268336
0.00596258
0.00083399
-0.00393428
-0.00662626
-0.00083475
-0.00202044
-0.00719491
-0.00905712
-0.00703343
-0.00813134
-0.01468613
-0.01687636
-0.01839677
23
0.00000000
0.06666668
0.10000000
0.13333330
0.16666670
0.20000000
0.23333330
0.26666670
0.33333330
0.36666670
0.40000000
0.43333340
0.46666670
0.50000000
0.53333340
0.56666670
0.60000000
0.63333330
0.66666670
0.70000000
0.73333330
0.76666670
0.80000000
0.32397010
0.17773290
0.04513090
0.05545399
0.04352534
0.36708450
0.53831180
0.60686760
0.64158050
0.62451820
0.65805580
0.74884020
0.79944140
0.74696000
0.58701220
0.34242120
0.07847105
0.11253820
0.04611331
0.04894777
0.22878580
0.31020170
0.33410140
23
0.00000000
0.06666668
0.10000000
0.13333330
0.16666670
0.20000000
0.23333330
0.26666670
0.33333330
0.36666670
0.40000000
0.43333340
0.46666670
0.50000000
0.53333340
0.56666670
0.60000000
0.63333330
0.66666670
0.70000000
0.73333330
0.76666670
0.80000000
0.94547910
0.98399410
0.99891640
0.99813230
0.99793940
0.92830560
0.84019820
0.79251920
0.76643440
0.78074600
0.75289740
0.66274820
0.60063860
0.66461310
0.80903210
0.93862210
0.99604480
0.99276850
0.99815270
0.99803340
0.97247740
0.94948410
0.94123530
2
0.00000000
0.80000000
1.00000000
1.00000000
2
0.00000000
0.80000000
1.00000000
1.00000000
2
0.00000000
0.80000000
1.00000000
1.00000000
Character1_RightFoot
1
0.00000000
-0.37854540
1
0.00000000
0.00382444
1
0.00000000
-0.01031455
20
0.00000000
0.06666668
0.10000000
0.13333330
0.16666670
0.20000000
0.23333330
0.30000000
0.36666670
0.40000000
0.43333340
0.46666670
0.50000000
0.56666670
0.60000000
0.63333330
0.66666670
0.70000000
0.73333330
0.80000000
-0.00948483
-0.01758290
-0.02302262
-0.02855633
-0.03301449
-0.03051511
-0.02820631
-0.02241497
-0.02101003
-0.01828794
-0.01524906
-0.01112812
-0.00716808
-0.00081409
-0.00184568
-0.00183670
-0.00110107
-0.00050071
-0.00201124
-0.00749313
20
0.00000000
0.06666668
0.10000000
0.13333330
0.16666670
0.20000000
0.23333330
0.30000000
0.36666670
0.40000000
0.43333340
0.46666670
0.50000000
0.56666670
0.60000000
0.63333330
0.66666670
0.70000000
0.73333330
0.80000000
0.04452396
0.04856180
0.05387283
0.06224129
0.07180424
0.06581215
0.05629032
0.03534350
0.02686793
0.02591779
0.02302780
0.01920781
0.01574903
0.00082194
-0.00321309
0.00259593
0.00347360
0.00775010
0.01980252
0.04519977
20
0.00000000
0.06666668
0.10000000
0.13333330
0.16666670
0.20000000
0.23333330
0.30000000
0.36666670
0.40000000
0.43333340
0.46666670
0.50000000
0.56666670
0.60000000
0.63333330
0.66666670
0.70000000
0.73333330
0.80000000
-0.33451180
-0.08535635
0.08354767
0.18736790
0.30118270
0.25617690
0.24287430
0.21253590
0.22539250
0.17338940
0.05474618
-0.06498697
-0.15192280
-0.25703320
-0.18946710
-0.25850740
-0.24650380
-0.25665800
-0.34656180
-0.41098030
20
0.00000000
0.06666668
0.10000000
0.13333330
0.16666670
0.20000000
0.23333330
0.30000000
0.36666670
0.40000000
0.43333340
0.46666670
0.50000000
0.56666670
0.60000000
0.63333330
0.66666670
0.70000000
0.73333330
0.80000000
0.94129150
0.99501100
0.99478010
0.97989990
0.95028590
0.96390410
0.96801230
0.97625660
0.97367080
0.98434240
0.99811830
0.99763920
0.98824090
0.96640190
0.98188010
0.96600410
0.96913500
0.96647110
0.93781600
0.91049220
2
0.00000000
0.80000000
0.99999970
0.99999970
2
0.00000000
0.80000000
0.99999950
0.99999950
2
0.00000000
0.80000000
0.99999980
0.99999980
Character1_RightToeBase
1
0.00000000
-0.08439235
1
0.00000000
0.04766033
1
0.00000000
0.00202567
2
0.00000000
0.80000000
-0.00003086
-0.00003086
2
0.00000000
0.80000000
-0.00005088
-0.00005088
2
0.00000000
0.80000000
-0.51891710
-0.51891710
2
0.00000000
0.80000000
0.85482460
0.85482460
2
0.00000000
0.80000000
1.00000000
1.00000000
2
0.00000000
0.80000000
0.99999980
0.99999980
2
0.00000000
0.80000000
0.99999990
0.99999990
Character1_Spine
1
0.00000000
-0.02271334
1
0.00000000
0.00818150
1
0.00000000
-0.00008070
6
0.00000000
0.03333334
0.20000000
0.43333340
0.70000000
0.80000000
0.01911511
0.01697973
0.01697892
0.01700815
0.01698523
0.01701514
6
0.00000000
0.03333334
0.20000000
0.43333340
0.70000000
0.80000000
0.00127931
0.00106798
0.00140460
0.00091997
0.00122704
0.00086185
6
0.00000000
0.03333334
0.20000000
0.43333340
0.70000000
0.80000000
-0.00558928
-0.01279870
-0.04184934
-0.01324359
-0.03142976
-0.00979158
6
0.00000000
0.03333334
0.20000000
0.43333340
0.70000000
0.80000000
0.99990430
0.99977340
0.99897870
0.99976720
0.99936090
0.99980690
2
0.00000000
0.80000000
1.00000000
1.00000000
2
0.00000000
0.80000000
1.00000000
1.00000000
2
0.00000000
0.80000000
1.00000000
1.00000000
Character1_Spine1
1
0.00000000
-0.09134354
1
0.00000000
0.00175515
1
0.00000000
-0.00000001
5
0.00000000
0.23333330
0.46666670
0.70000000
0.80000000
-0.01218100
-0.01223295
-0.01219303
-0.01222082
-0.01217674
5
0.00000000
0.23333330
0.46666670
0.70000000
0.80000000
-0.00283642
-0.00259443
-0.00277446
-0.00264736
-0.00286001
5
0.00000000
0.23333330
0.46666670
0.70000000
0.80000000
-0.04488649
-0.02510618
-0.03983901
-0.02947104
-0.04677832
5
0.00000000
0.23333330
0.46666670
0.70000000
0.80000000
0.99891380
0.99960650
0.99912790
0.99948750
0.99882700
2
0.00000000
0.80000000
1.00000000
1.00000000
2
0.00000000
0.80000000
1.00000000
1.00000000
2
0.00000000
0.80000000
1.00000000
1.00000000
Character1_Spine2
1
0.00000000
-0.08766678
1
0.00000000
-0.00030447
1
0.00000000
-0.00000002
5
0.00000000
0.20000000
0.43333340
0.70000000
0.80000000
-0.02563362
0.01222930
-0.04035472
-0.06153996
-0.02860621
5
0.00000000
0.20000000
0.43333340
0.70000000
0.80000000
0.00249740
0.02101648
-0.00244747
-0.00572132
0.00083156
5
0.00000000
0.20000000
0.43333340
0.70000000
0.80000000
-0.00195057
-0.00453213
0.00420408
-0.00075274
0.00528606
5
0.00000000
0.20000000
0.43333340
0.70000000
0.80000000
0.99966640
0.99969400
0.99917360
0.99808790
0.99957640
2
0.00000000
0.80000000
0.99999970
0.99999970
2
0.00000000
0.80000000
0.99999970
0.99999970
2
0.00000000
0.80000000
1.00000000
1.00000000
Character1_LeftShoulder
1
0.00000000
-0.12236680
1
0.00000000
-0.00139498
1
0.00000000
0.04222679
3
0.00000000
0.30000000
0.80000000
0.16056150
0.15533270
0.16272080
3
0.00000000
0.30000000
0.80000000
0.69552810
0.67139420
0.70550540
3
0.00000000
0.30000000
0.80000000
-0.06196208
-0.06445114
-0.06088560
3
0.00000000
0.30000000
0.80000000
0.69758250
0.72176700
0.68707860
2
0.00000000
0.80000000
0.99999990
0.99999990
2
0.00000000
0.80000000
1.00000000
1.00000000
2
0.00000000
0.80000000
1.00000000
1.00000000
Character1_LeftArm
1
0.00000000
-0.05543689
1
0.00000000
-0.00000005
1
0.00000000
0.00000092
11
0.00000000
0.10000000
0.20000000
0.30000000
0.40000000
0.46666670
0.56666670
0.63333330
0.70000000
0.76666670
0.80000000
0.12928630
0.05767833
0.02542102
0.03478673
0.02669552
0.01381273
0.03209678
0.03699747
0.06717582
0.12640450
0.14037910
11
0.00000000
0.10000000
0.20000000
0.30000000
0.40000000
0.46666670
0.56666670
0.63333330
0.70000000
0.76666670
0.80000000
0.54259810
0.54310980
0.53934290
0.53594980
0.53015860
0.47336760
0.37118950
0.38260810
0.46005000
0.52706030
0.53798160
11
0.00000000
0.10000000
0.20000000
0.30000000
0.40000000
0.46666670
0.56666670
0.63333330
0.70000000
0.76666670
0.80000000
-0.03731718
0.10985920
0.16722590
0.00967045
-0.18440450
-0.31313220
-0.45704560
-0.42382030
-0.24782750
-0.08304082
-0.05494218
11
0.00000000
0.10000000
0.20000000
0.30000000
0.40000000
0.46666670
0.56666670
0.63333330
0.70000000
0.76666670
0.80000000
0.82914400
0.83044320
0.82492330
0.84347740
0.82717240
0.82321360
0.80764940
0.82013330
0.84995470
0.83626160
0.82936780
2
0.00000000
0.80000000
0.99999970
0.99999970
2
0.00000000
0.80000000
0.99999990
0.99999990
2
0.00000000
0.80000000
0.99999980
0.99999980
Character1_LeftForeArm
1
0.00000000
-0.23377720
1
0.00000000
0.00001719
1
0.00000000
0.00001175
12
0.00000000
0.03333334
0.06666668
0.10000000
0.16666670
0.23333330
0.30000000
0.36666670
0.46666670
0.63333330
0.73333330
0.80000000
-0.10643650
-0.11661970
-0.07830944
-0.07078144
-0.06186575
-0.06682718
-0.09200440
-0.12904070
-0.18497320
-0.21924620
-0.14168140
-0.11358390
12
0.00000000
0.03333334
0.06666668
0.10000000
0.16666670
0.23333330
0.30000000
0.36666670
0.46666670
0.63333330
0.73333330
0.80000000
0.00920596
-0.00323405
0.01979952
0.01702192
0.00978725
0.02285791
0.04620020
0.04257436
-0.02590234
-0.10463910
-0.02719947
0.00320927
12
0.00000000
0.03333334
0.06666668
0.10000000
0.16666670
0.23333330
0.30000000
0.36666670
0.46666670
0.63333330
0.73333330
0.80000000
-0.73161130
-0.65190690
-0.52211970
-0.37024710
-0.16981670
-0.24114820
-0.42828810
-0.59191980
-0.69288900
-0.75048340
-0.76830730
-0.76915100
12
0.00000000
0.03333334
0.06666668
0.10000000
0.16666670
0.23333330
0.30000000
0.36666670
0.46666670
0.63333330
0.73333330
0.80000000
0.67329890
0.74927090
0.84903870
0.92607630
0.98348320
0.96791490
0.89775840
0.79446010
0.69643290
0.61461900
0.62361090
0.62888400
2
0.00000000
0.80000000
1.00000000
1.00000000
2
0.00000000
0.80000000
0.99999990
0.99999990
2
0.00000000
0.80000000
1.00000000
1.00000000
Character1_LeftHand
1
0.00000000
-0.16248190
1
0.00000000
-0.00000064
1
0.00000000
0.00000025
8
0.00000000
0.13333330
0.16666670
0.23333330
0.36666670
0.53333340
0.63333330
0.80000000
0.03767385
-0.01486066
-0.03005043
-0.00695439
0.04973499
0.06074849
0.06032957
0.05009560
8
0.00000000
0.13333330
0.16666670
0.23333330
0.36666670
0.53333340
0.63333330
0.80000000
0.04677029
-0.04696717
-0.07377021
-0.05015982
0.00874438
0.06798176
0.08431870
0.06894331
8
0.00000000
0.13333330
0.16666670
0.23333330
0.36666670
0.53333340
0.63333330
0.80000000
-0.10300430
-0.26780180
-0.31341650
-0.29583020
-0.24565150
-0.18149760
-0.13967030
-0.06300980
8
0.00000000
0.13333330
0.16666670
0.23333330
0.36666670
0.53333340
0.63333330
0.80000000
0.99286620
0.96221390
0.94626900
0.95389740
0.96804200
0.97915610
0.98475530
0.99436770
2
0.00000000
0.80000000
1.00000000
1.00000000
2
0.00000000
0.80000000
1.00000000
1.00000000
2
0.00000000
0.80000000
1.00000000
1.00000000
Character1_LeftHandThumb1
1
0.00000000
-0.02476070
1
0.00000000
0.01826633
1
0.00000000
0.01423601
2
0.00000000
0.80000000
0.81820200
0.81820150
2
0.00000000
0.80000000
-0.15433430
-0.15433380
2
0.00000000
0.80000000
-0.28779520
-0.28779500
2
0.00000000
0.80000000
0.47318120
0.47318220
2
0.00000000
0.80000000
0.99999960
0.99999960
2
0.00000000
0.80000000
0.99999990
0.99999990
2
0.00000000
0.80000000
1.00000000
1.00000000
Character1_LeftHandThumb2
1
0.00000000
-0.03214544
1
0.00000000
0.00198593
1
0.00000000
0.00152295
2
0.00000000
0.80000000
-0.00077291
-0.00077215
2
0.00000000
0.80000000
0.16337280
0.16337270
2
0.00000000
0.80000000
-0.09088147
-0.09088078
2
0.00000000
0.80000000
0.98236920
0.98236930
2
0.00000000
0.80000000
0.99999990
0.99999990
2
0.00000000
0.80000000
1.00000000
1.00000000
2
0.00000000
0.80000000
0.99999980
0.99999980
Character1_LeftHandThumb3
1
0.00000000
-0.01756597
1
0.00000000
-0.00100338
1
0.00000000
0.00008474
2
0.00000000
0.80000000
-0.01560806
-0.01560830
2
0.00000000
0.80000000
0.21749150
0.21749130
2
0.00000000
0.80000000
-0.01221832
-0.01221842
2
0.00000000
0.80000000
0.97586100
0.97586100
2
0.00000000
0.80000000
0.99999990
0.99999990
2
0.00000000
0.80000000
1.00000000
1.00000000
2
0.00000000
0.80000000
1.00000000
1.00000000
Character1_LeftHandThumb4
1
0.00000000
-0.02630421
1
0.00000000
-0.00114385
1
0.00000000
-0.00057086
2
0.00000000
0.80000000
-0.02557532
-0.02557532
2
0.00000000
0.80000000
-0.01064174
-0.01064174
2
0.00000000
0.80000000
0.02615063
0.02615063
2
0.00000000
0.80000000
0.99927410
0.99927410
2
0.00000000
0.80000000
1.00000100
1.00000100
2
0.00000000
0.80000000
1.00000000
1.00000000
2
0.00000000
0.80000000
1.00000000
1.00000000
Character1_LeftHandIndex1
1
0.00000000
-0.08074935
1
0.00000000
0.02571336
1
0.00000000
-0.00142829
2
0.00000000
0.80000000
0.17928770
0.17928800
2
0.00000000
0.80000000
0.11765860
0.11765810
2
0.00000000
0.80000000
0.17525750
0.17525730
2
0.00000000
0.80000000
0.96088360
0.96088360
2
0.00000000
0.80000000
0.99999920
0.99999920
2
0.00000000
0.80000000
0.99999990
0.99999990
2
0.00000000
0.80000000
0.99999970
0.99999970
Character1_LeftHandIndex2
1
0.00000000
-0.02426037
1
0.00000000
0.00250706
1
0.00000000
-0.00118660
2
0.00000000
0.80000000
0.00667477
0.00667450
2
0.00000000
0.80000000
0.39673940
0.39673980
2
0.00000000
0.80000000
-0.00042868
-0.00042906
2
0.00000000
0.80000000
0.91790690
0.91790680
2
0.00000000
0.80000000
0.99999990
0.99999990
2
0.00000000
0.80000000
0.99999980
0.99999980
2
0.00000000
0.80000000
0.99999980
0.99999980
Character1_LeftHandIndex3
1
0.00000000
-0.01609668
1
0.00000000
0.00011821
1
0.00000000
-0.00045832
2
0.00000000
0.80000000
0.03006488
0.03006357
2
0.00000000
0.80000000
0.53820390
0.53820430
2
0.00000000
0.80000000
0.03332328
0.03332427
2
0.00000000
0.80000000
0.84161880
0.84161860
2
0.00000000
0.80000000
0.99999990
0.99999990
2
0.00000000
0.80000000
0.99999990
0.99999990
2
0.00000000
0.80000000
0.99999990
0.99999990
Character1_LeftHandIndex4
1
0.00000000
-0.02124970
1
0.00000000
0.00100698
1
0.00000000
0.00163699
2
0.00000000
0.80000000
-0.71534960
-0.71534960
2
0.00000000
0.80000000
-0.02409541
-0.02409541
2
0.00000000
0.80000000
0.02390490
0.02390490
2
0.00000000
0.80000000
0.69794190
0.69794190
2
0.00000000
0.80000000
1.00000000
1.00000000
2
0.00000000
0.80000000
0.99999950
0.99999950
2
0.00000000
0.80000000
0.99999950
0.99999950
Character1_LeftHandMiddle1
1
0.00000000
-0.08069598
1
0.00000000
0.00582164
1
0.00000000
-0.00602124
2
0.00000000
0.80000000
0.09069626
0.09069631
2
0.00000000
0.80000000
0.08381446
0.08381350
2
0.00000000
0.80000000
0.08720858
0.08720911
2
0.00000000
0.80000000
0.98850600
0.98850600
2
0.00000000
0.80000000
0.99999980
0.99999980
2
0.00000000
0.80000000
1.00000000
1.00000000
2
0.00000000
0.80000000
0.99999990
0.99999990
Character1_LeftHandMiddle2
1
0.00000000
-0.02506312
1
0.00000000
0.00148199
1
0.00000000
0.00379354
2
0.00000000
0.80000000
-0.01497265
-0.01497176
2
0.00000000
0.80000000
0.58708660
0.58708690
2
0.00000000
0.80000000
0.06528576
0.06528509
2
0.00000000
0.80000000
0.80674840
0.80674830
2
0.00000000
0.80000000
0.99999960
0.99999960
2
0.00000000
0.80000000
0.99999970
0.99999970
2
0.00000000
0.80000000
0.99999960
0.99999960
Character1_LeftHandMiddle3
1
0.00000000
-0.01943113
1
0.00000000
-0.00006784
1
0.00000000
0.00016170
2
0.00000000
0.80000000
-0.00338228
-0.00338305
2
0.00000000
0.80000000
0.68999400
0.68999430
2
0.00000000
0.80000000
0.17826740
0.17826750
2
0.00000000
0.80000000
0.70151100
0.70151060
2
0.00000000
0.80000000
0.99999960
0.99999960
2
0.00000000
0.80000000
0.99999980
0.99999980
2
0.00000000
0.80000000
0.99999980
0.99999980
Character1_LeftHandMiddle4
1
0.00000000
-0.02201366
1
0.00000000
0.00091102
1
0.00000000
0.00011726
2
0.00000000
0.80000000
-0.70595040
-0.70595040
2
0.00000000
0.80000000
0.03399268
0.03399268
2
0.00000000
0.80000000
0.00647478
0.00647478
2
0.00000000
0.80000000
0.70741550
0.70741550
2
0.00000000
0.80000000
1.00000000
1.00000000
2
0.00000000
0.80000000
0.99999970
0.99999970
2
0.00000000
0.80000000
0.99999960
0.99999960
Character1_LeftHandRing1
1
0.00000000
-0.07679258
1
0.00000000
-0.01262621
1
0.00000000
-0.00624610
2
0.00000000
0.80000000
-0.10424220
-0.10424230
2
0.00000000
0.80000000
0.34738610
0.34738580
2
0.00000000
0.80000000
0.06581477
0.06581487
2
0.00000000
0.80000000
0.92958320
0.92958330
2
0.00000000
0.80000000
0.99999960
0.99999960
2
0.00000000
0.80000000
1.00000000
1.00000000
2
0.00000000
0.80000000
0.99999970
0.99999970
Character1_LeftHandRing2
1
0.00000000
-0.02368266
1
0.00000000
-0.00075405
1
0.00000000
0.00109833
2
0.00000000
0.80000000
0.05328061
0.05328018
2
0.00000000
0.80000000
0.31258230
0.31258280
2
0.00000000
0.80000000
0.11128820
0.11128800
2
0.00000000
0.80000000
0.94184320
0.94184300
2
0.00000000
0.80000000
0.99999930
0.99999930
2
0.00000000
0.80000000
0.99999950
0.99999950
2
0.00000000
0.80000000
0.99999960
0.99999960
Character1_LeftHandRing3
1
0.00000000
-0.01590740
1
0.00000000
0.00016659
1
0.00000000
-0.00086092
2
0.00000000
0.80000000
-0.07731231
-0.07731140
2
0.00000000
0.80000000
0.76504090
0.76504080
2
0.00000000
0.80000000
0.35164650
0.35164670
2
0.00000000
0.80000000
0.53392890
0.53392890
2
0.00000000
0.80000000
0.99999970
0.99999970
2
0.00000000
0.80000000
0.99999960
0.99999960
2
0.00000000
0.80000000
0.99999960
0.99999960
Character1_LeftHandRing4
1
0.00000000
-0.02522655
1
0.00000000
-0.00011562
1
0.00000000
-0.00238417
2
0.00000000
0.80000000
0.00333163
0.00333163
2
0.00000000
0.80000000
-0.01695370
-0.01695370
2
0.00000000
0.80000000
-0.00262045
-0.00262045
2
0.00000000
0.80000000
0.99984730
0.99984730
2
0.00000000
0.80000000
1.00000000
1.00000000
2
0.00000000
0.80000000
1.00000000
1.00000000
2
0.00000000
0.80000000
1.00000000
1.00000000
Character1_LeftHandPinky1
1
0.00000000
-0.06575284
1
0.00000000
-0.02783560
1
0.00000000
-0.00228359
2
0.00000000
0.80000000
-0.21270850
-0.21270860
2
0.00000000
0.80000000
0.12021010
0.12020930
2
0.00000000
0.80000000
-0.00770661
-0.00770640
2
0.00000000
0.80000000
0.96966240
0.96966250
2
0.00000000
0.80000000
0.99999950
0.99999950
2
0.00000000
0.80000000
0.99999990
0.99999990
2
0.00000000
0.80000000
0.99999950
0.99999950
Character1_LeftHandPinky2
1
0.00000000
-0.01809678
1
0.00000000
0.00013280
1
0.00000000
-0.00001445
2
0.00000000
0.80000000
0.01212887
0.01212890
2
0.00000000
0.80000000
0.25026330
0.25026390
2
0.00000000
0.80000000
0.16384960
0.16384980
2
0.00000000
0.80000000
0.95413550
0.95413530
2
0.00000000
0.80000000
1.00000000
1.00000000
2
0.00000000
0.80000000
1.00000000
1.00000000
2
0.00000000
0.80000000
1.00000000
1.00000000
Character1_LeftHandPinky3
1
0.00000000
-0.01391071
1
0.00000000
0.00000276
1
0.00000000
0.00024778
2
0.00000000
0.80000000
-0.00982546
-0.00982521
2
0.00000000
0.80000000
0.67021400
0.67021420
2
0.00000000
0.80000000
0.38580140
0.38580110
2
0.00000000
0.80000000
0.63393540
0.63393540
2
0.00000000
0.80000000
1.00000000
1.00000000
2
0.00000000
0.80000000
1.00000000
1.00000000
2
0.00000000
0.80000000
1.00000000
1.00000000
Character1_LeftHandPinky4
1
0.00000000
-0.01920933
1
0.00000000
-0.00029924
1
0.00000000
-0.00002338
2
0.00000000
0.80000000
-0.04783580
-0.04783580
2
0.00000000
0.80000000
-0.00384246
-0.00384246
2
0.00000000
0.80000000
0.00305436
0.00305436
2
0.00000000
0.80000000
0.99884320
0.99884320
2
0.00000000
0.80000000
1.00000000
1.00000000
2
0.00000000
0.80000000
1.00000000
1.00000000
2
0.00000000
0.80000000
0.99999990
0.99999990
J_L_Sode_D00
2
0.00000000
0.80000000
-0.04395507
-0.04395507
2
0.00000000
0.80000000
0.00271871
0.00271871
2
0.00000000
0.80000000
0.03898804
0.03898804
5
0.00000000
0.20000000
0.40000000
0.63333330
0.80000000
0.69952580
0.69448280
0.69980280
0.69241910
0.69991230
5
0.00000000
0.20000000
0.40000000
0.63333330
0.80000000
0.09666064
0.12746890
0.09250329
0.10314680
0.09306704
5
0.00000000
0.20000000
0.40000000
0.63333330
0.80000000
0.00198118
-0.03093808
0.00242018
-0.03807960
0.00375147
5
0.00000000
0.20000000
0.40000000
0.63333330
0.80000000
0.70803710
0.70745190
0.70831730
0.71306840
0.70812940
2
0.00000000
0.80000000
1.00000100
1.00000100
2
0.00000000
0.80000000
1.00000100
1.00000100
2
0.00000000
0.80000000
1.00000000
1.00000000
J_L_Sode_A00
2
0.00000000
0.80000000
-0.04704522
-0.04704522
2
0.00000000
0.80000000
0.03601032
0.03601032
2
0.00000000
0.80000000
0.00102944
0.00102944
7
0.00000000
0.03333334
0.20000000
0.36666670
0.53333340
0.70000000
0.80000000
-0.06058268
-0.05986100
-0.05478503
-0.06136928
-0.06113296
-0.06157972
-0.06148328
7
0.00000000
0.03333334
0.20000000
0.36666670
0.53333340
0.70000000
0.80000000
-0.05968402
-0.06394426
-0.06827825
-0.06247667
-0.02349496
-0.03981324
-0.06227130
7
0.00000000
0.03333334
0.20000000
0.36666670
0.53333340
0.70000000
0.80000000
-0.09222727
-0.10932680
-0.18497470
-0.08565049
-0.11450830
-0.10175290
-0.08372799
7
0.00000000
0.03333334
0.20000000
0.36666670
0.53333340
0.70000000
0.80000000
0.99216490
0.99013910
0.97883660
0.99246890
0.99126110
0.99210350
0.99263880
2
0.00000000
0.80000000
1.00000100
1.00000100
2
0.00000000
0.80000000
1.00000100
1.00000100
2
0.00000000
0.80000000
1.00000000
1.00000000
J_L_Sode_B00
2
0.00000000
0.80000000
-0.04425104
-0.04425104
2
0.00000000
0.80000000
0.00025279
0.00025279
2
0.00000000
0.80000000
-0.03773062
-0.03773062
5
0.00000000
0.20000000
0.36666670
0.60000000
0.80000000
-0.65869330
-0.65623310
-0.65872680
-0.65858860
-0.65872820
5
0.00000000
0.20000000
0.36666670
0.60000000
0.80000000
-0.01534473
-0.05876477
-0.01288545
-0.01811016
-0.01199913
5
0.00000000
0.20000000
0.36666670
0.60000000
0.80000000
-0.00860716
-0.05821589
-0.00579762
-0.01176411
-0.00478490
5
0.00000000
0.20000000
0.36666670
0.60000000
0.80000000
0.75220580
0.75001060
0.75224960
0.75219330
0.75227010
2
0.00000000
0.80000000
1.00000100
1.00000100
2
0.00000000
0.80000000
1.00000100
1.00000100
2
0.00000000
0.80000000
1.00000000
1.00000000
J_L_Sode_C00
2
0.00000000
0.80000000
-0.04138999
-0.04138999
2
0.00000000
0.80000000
-0.04891023
-0.04891023
2
0.00000000
0.80000000
0.01278888
0.01278888
5
0.00000000
0.20000000
0.40000000
0.70000000
0.80000000
0.98869880
0.97913320
0.99027710
0.99154150
0.98980840
5
0.00000000
0.20000000
0.40000000
0.70000000
0.80000000
0.13927340
0.19174810
0.13159790
0.12167170
0.13504830
5
0.00000000
0.20000000
0.40000000
0.70000000
0.80000000
0.05375993
0.06604023
0.04338276
0.04334867
0.04351503
5
0.00000000
0.20000000
0.40000000
0.70000000
0.80000000
-0.01369356
-0.01301758
-0.01229564
-0.01274433
-0.01215104
2
0.00000000
0.80000000
1.00000100
1.00000100
2
0.00000000
0.80000000
1.00000000
1.00000000
2
0.00000000
0.80000000
1.00000100
1.00000100
Character1_RightShoulder
1
0.00000000
-0.12245480
1
0.00000000
-0.00014977
1
0.00000000
-0.04199364
4
0.00000000
0.03333334
0.16666670
0.80000000
-0.10290510
-0.09838579
-0.08588568
-0.10604020
4
0.00000000
0.03333334
0.16666670
0.80000000
-0.69286360
-0.68653550
-0.66819510
-0.69710300
4
0.00000000
0.03333334
0.16666670
0.80000000
-0.11933490
-0.12391520
-0.13711480
-0.11625340
4
0.00000000
0.03333334
0.16666670
0.80000000
0.70367090
0.70967190
0.72618070
0.69949130
2
0.00000000
0.80000000
1.00000000
1.00000000
2
0.00000000
0.80000000
1.00000000
1.00000000
2
0.00000000
0.80000000
1.00000000
1.00000000
Character1_RightArm
1
0.00000000
-0.05543732
1
0.00000000
-0.00000005
1
0.00000000
-0.00000100
16
0.00000000
0.03333334
0.06666668
0.10000000
0.13333330
0.16666670
0.23333330
0.26666670
0.30000000
0.36666670
0.43333340
0.46666670
0.53333340
0.60000000
0.73333330
0.80000000
-0.06581341
-0.01784343
0.02816681
0.05380904
0.05014139
0.04998000
0.04791618
0.04507967
0.03351772
-0.00624752
-0.05299036
-0.07111055
-0.09607071
-0.10929160
-0.09321006
-0.08834837
16
0.00000000
0.03333334
0.06666668
0.10000000
0.13333330
0.16666670
0.23333330
0.26666670
0.30000000
0.36666670
0.43333340
0.46666670
0.53333340
0.60000000
0.73333330
0.80000000
-0.59550490
-0.55965070
-0.50117220
-0.43878290
-0.38559210
-0.38936520
-0.41687330
-0.44187100
-0.49769440
-0.55942470
-0.58824980
-0.58790980
-0.58897540
-0.58742590
-0.60533800
-0.60662400
16
0.00000000
0.03333334
0.06666668
0.10000000
0.13333330
0.16666670
0.23333330
0.26666670
0.30000000
0.36666670
0.43333340
0.46666670
0.53333340
0.60000000
0.73333330
0.80000000
-0.00304310
-0.10917740
-0.23533580
-0.33921160
-0.40626290
-0.40318060
-0.37815590
-0.35275090
-0.28581190
-0.16687430
-0.04173985
0.03110950
0.15148730
0.20523280
0.08128195
0.04088959
16
0.00000000
0.03333334
0.06666668
0.10000000
0.13333330
0.16666670
0.23333330
0.26666670
0.30000000
0.36666670
0.43333340
0.46666670
0.53333340
0.60000000
0.73333330
0.80000000
0.80064550
0.82131180
0.83225610
0.83036720
0.82689480
0.82664510
0.82517800
0.82358040
0.81822270
0.81188550
0.80586110
0.80519410
0.78799110
0.77515520
0.78630210
0.78900560
2
0.00000000
0.80000000
1.00000000
1.00000000
2
0.00000000
0.80000000
0.99999990
0.99999990
2
0.00000000
0.80000000
0.99999990
0.99999990
Character1_RightForeArm
1
0.00000000
-0.23377880
1
0.00000000
0.00001742
1
0.00000000
-0.00001277
18
0.00000000
0.06666668
0.10000000
0.13333330
0.16666670
0.26666670
0.30000000
0.36666670
0.40000000
0.43333340
0.46666670
0.53333340
0.60000000
0.66666670
0.70000000
0.73333330
0.76666670
0.80000000
0.16543700
0.24648520
0.28502200
0.32474400
0.32955880
0.32630220
0.30718990
0.27848020
0.25661830
0.23502910
0.21018410
0.17531170
0.12981120
0.08082002
0.08424706
0.10846360
0.13796970
0.15188870
18
0.00000000
0.06666668
0.10000000
0.13333330
0.16666670
0.26666670
0.30000000
0.36666670
0.40000000
0.43333340
0.46666670
0.53333340
0.60000000
0.66666670
0.70000000
0.73333330
0.76666670
0.80000000
-0.06306645
0.03280029
0.07506159
0.10793060
0.10318280
0.07079430
0.04328415
-0.00121391
-0.02060071
-0.03666536
-0.03515445
-0.00661817
-0.01967081
-0.09692775
-0.11492110
-0.10858990
-0.09010372
-0.07983954
18
0.00000000
0.06666668
0.10000000
0.13333330
0.16666670
0.26666670
0.30000000
0.36666670
0.40000000
0.43333340
0.46666670
0.53333340
0.60000000
0.66666670
0.70000000
0.73333330
0.76666670
0.80000000
-0.79401770
-0.76157620
-0.72301110
-0.68380310
-0.66666970
-0.63839630
-0.63982500
-0.60302700
-0.58551140
-0.56409940
-0.50534010
-0.40201330
-0.34549130
-0.49468580
-0.60963030
-0.70804790
-0.77093750
-0.79270090
18
0.00000000
0.06666668
0.10000000
0.13333330
0.16666670
0.26666670
0.30000000
0.36666670
0.40000000
0.43333340
0.46666670
0.53333340
0.60000000
0.66666670
0.70000000
0.73333330
0.76666670
0.80000000
0.58154040
0.59847380
0.62480640
0.64444210
0.66052690
0.69351660
0.70312510
0.74753310
0.76869960
0.79070150
0.83619270
0.89866980
0.92919210
0.85985990
0.77977330
0.68928370
0.61522440
0.58496210
2
0.00000000
0.80000000
1.00000000
1.00000000
2
0.00000000
0.80000000
0.99999980
0.99999980
2
0.00000000
0.80000000
0.99999970
0.99999970
Character1_RightHand
1
0.00000000
-0.16248010
1
0.00000000
-0.00000066
1
0.00000000
0.00000173
10
0.00000000
0.10000000
0.13333330
0.20000000
0.26666670
0.36666670
0.46666670
0.60000000
0.76666670
0.80000000
-0.18809470
-0.18784830
-0.18792200
-0.19453500
-0.20413700
-0.21021870
-0.18532410
-0.12557710
-0.18279620
-0.18704570
10
0.00000000
0.10000000
0.13333330
0.20000000
0.26666670
0.36666670
0.46666670
0.60000000
0.76666670
0.80000000
-0.06355971
-0.10247970
-0.11304550
-0.12699890
-0.13296400
-0.13934190
-0.14149460
-0.13779660
-0.06283701
-0.05838528
10
0.00000000
0.10000000
0.13333330
0.20000000
0.26666670
0.36666670
0.46666670
0.60000000
0.76666670
0.80000000
-0.02724282
-0.14512900
-0.17650720
-0.17752790
-0.16876150
-0.11335760
-0.06387777
-0.00555691
-0.01166608
-0.01199757
10
0.00000000
0.10000000
0.13333330
0.20000000
0.26666670
0.36666670
0.46666670
0.60000000
0.76666670
0.80000000
0.97971340
0.96599610
0.95955790
0.95630090
0.95507500
0.96101090
0.97033700
0.98245190
0.98107140
0.98054120
2
0.00000000
0.80000000
1.00000000
1.00000000
2
0.00000000
0.80000000
0.99999980
0.99999980
2
0.00000000
0.80000000
0.99999990
0.99999990
Character1_RightHandThumb1
1
0.00000000
-0.02633883
1
0.00000000
0.02086117
1
0.00000000
-0.00452684
2
0.00000000
0.80000000
0.46670070
0.46670100
2
0.00000000
0.80000000
-0.11148330
-0.11148340
2
0.00000000
0.80000000
-0.22818370
-0.22818350
2
0.00000000
0.80000000
0.84716830
0.84716810
2
0.00000000
0.80000000
1.00000000
1.00000000
2
0.00000000
0.80000000
1.00000000
1.00000000
2
0.00000000
0.80000000
1.00000000
1.00000000
Character1_RightHandThumb2
1
0.00000000
-0.03202948
1
0.00000000
0.00112795
1
0.00000000
0.00060241
2
0.00000000
0.80000000
0.03668700
0.03668705
2
0.00000000
0.80000000
0.17384340
0.17384380
2
0.00000000
0.80000000
0.07676899
0.07676870
2
0.00000000
0.80000000
0.98109080
0.98109070
2
0.00000000
0.80000000
0.99999980
0.99999980
2
0.00000000
0.80000000
0.99999930
0.99999930
2
0.00000000
0.80000000
0.99999980
0.99999980
Character1_RightHandThumb3
1
0.00000000
-0.01758621
1
0.00000000
0.00051133
1
0.00000000
0.00015221
2
0.00000000
0.80000000
0.01054231
0.01054153
2
0.00000000
0.80000000
0.26187130
0.26187100
2
0.00000000
0.80000000
0.09421559
0.09421535
2
0.00000000
0.80000000
0.96043520
0.96043530
2
0.00000000
0.80000000
1.00000000
1.00000000
2
0.00000000
0.80000000
1.00000000
1.00000000
2
0.00000000
0.80000000
1.00000000
1.00000000
Character1_RightHandThumb4
1
0.00000000
-0.02628791
1
0.00000000
0.00158763
1
0.00000000
-0.00003033
2
0.00000000
0.80000000
0.09698050
0.09698050
2
0.00000000
0.80000000
-0.01651486
-0.01651486
2
0.00000000
0.80000000
-0.06892800
-0.06892800
2
0.00000000
0.80000000
0.99275930
0.99275930
2
0.00000000
0.80000000
1.00000000
1.00000000
2
0.00000000
0.80000000
0.99999960
0.99999960
2
0.00000000
0.80000000
0.99999990
0.99999990
Character1_RightHandIndex1
1
0.00000000
-0.07745903
1
0.00000000
0.02477353
1
0.00000000
0.02387737
2
0.00000000
0.80000000
0.99487570
0.99487560
2
0.00000000
0.80000000
0.07116853
0.07116861
2
0.00000000
0.80000000
0.07119704
0.07119731
2
0.00000000
0.80000000
-0.00940607
-0.00940583
2
0.00000000
0.80000000
0.99999990
0.99999990
2
0.00000000
0.80000000
1.00000000
1.00000000
2
0.00000000
0.80000000
1.00000000
1.00000000
Character1_RightHandIndex2
1
0.00000000
-0.02423301
1
0.00000000
-0.00223004
1
0.00000000
-0.00200852
2
0.00000000
0.80000000
-0.01307172
-0.01307230
2
0.00000000
0.80000000
0.48071240
0.48071210
2
0.00000000
0.80000000
-0.06264158
-0.06264143
2
0.00000000
0.80000000
0.87454030
0.87454050
2
0.00000000
0.80000000
1.00000000
1.00000000
2
0.00000000
0.80000000
1.00000000
1.00000000
2
0.00000000
0.80000000
0.99999950
0.99999950
Character1_RightHandIndex3
1
0.00000000
-0.01588617
1
0.00000000
0.00000118
1
0.00000000
-0.00264198
2
0.00000000
0.80000000
-0.03562076
-0.03562159
2
0.00000000
0.80000000
0.59265580
0.59265620
2
0.00000000
0.80000000
-0.08476423
-0.08476265
2
0.00000000
0.80000000
0.80019070
0.80019060
2
0.00000000
0.80000000
0.99999990
0.99999990
2
0.00000000
0.80000000
1.00000000
1.00000000
2
0.00000000
0.80000000
1.00000000
1.00000000
Character1_RightHandIndex4
1
0.00000000
-0.02107472
1
0.00000000
-0.00070412
1
0.00000000
-0.00325402
2
0.00000000
0.80000000
0.06180407
0.06180407
2
0.00000000
0.80000000
-0.11389170
-0.11389170
2
0.00000000
0.80000000
-0.00078375
-0.00078375
2
0.00000000
0.80000000
0.99156860
0.99156860
2
0.00000000
0.80000000
0.99999960
0.99999960
2
0.00000000
0.80000000
0.99999980
0.99999980
2
0.00000000
0.80000000
0.99999990
0.99999990
Character1_RightHandMiddle1
1
0.00000000
-0.07734096
1
0.00000000
0.00436004
1
0.00000000
0.02411085
2
0.00000000
0.80000000
0.97829600
0.97829600
2
0.00000000
0.80000000
-0.03106727
-0.03106696
2
0.00000000
0.80000000
0.13236770
0.13236760
2
0.00000000
0.80000000
-0.15636660
-0.15636690
2
0.00000000
0.80000000
0.99999990
0.99999990
2
0.00000000
0.80000000
1.00000000
1.00000000
2
0.00000000
0.80000000
1.00000000
1.00000000
Character1_RightHandMiddle2
1
0.00000000
-0.02535491
1
0.00000000
-0.00067981
1
0.00000000
0.00116949
2
0.00000000
0.80000000
-0.02884119
-0.02884147
2
0.00000000
0.80000000
0.53251970
0.53251980
2
0.00000000
0.80000000
-0.07573587
-0.07573620
2
0.00000000
0.80000000
0.84252890
0.84252880
2
0.00000000
0.80000000
1.00000000
1.00000000
2
0.00000000
0.80000000
1.00000000
1.00000000
2
0.00000000
0.80000000
0.99999990
0.99999990
Character1_RightHandMiddle3
1
0.00000000
-0.01941583
1
0.00000000
-0.00041665
1
0.00000000
-0.00070466
2
0.00000000
0.80000000
-0.00442800
-0.00442784
2
0.00000000
0.80000000
0.70925600
0.70925620
2
0.00000000
0.80000000
-0.09242415
-0.09242408
2
0.00000000
0.80000000
0.69885200
0.69885180
2
0.00000000
0.80000000
1.00000000
1.00000000
2
0.00000000
0.80000000
0.99999990
0.99999990
2
0.00000000
0.80000000
0.99999990
0.99999990
Character1_RightHandMiddle4
1
0.00000000
-0.02143747
1
0.00000000
-0.00047113
1
0.00000000
-0.00506652
2
0.00000000
0.80000000
0.02437098
0.02437098
2
0.00000000
0.80000000
-0.06598202
-0.06598202
2
0.00000000
0.80000000
-0.00813170
-0.00813170
2
0.00000000
0.80000000
0.99749000
0.99749000
2
0.00000000
0.80000000
1.00000000
1.00000000
2
0.00000000
0.80000000
1.00000000
1.00000000
2
0.00000000
0.80000000
0.99999990
0.99999990
Character1_RightHandRing1
1
0.00000000
-0.07430402
1
0.00000000
-0.01371074
1
0.00000000
0.01965605
2
0.00000000
0.80000000
0.90013930
0.90013940
2
0.00000000
0.80000000
-0.07314827
-0.07314792
2
0.00000000
0.80000000
0.33885790
0.33885780
2
0.00000000
0.80000000
-0.26376870
-0.26376860
2
0.00000000
0.80000000
1.00000000
1.00000000
2
0.00000000
0.80000000
1.00000000
1.00000000
2
0.00000000
0.80000000
0.99999980
0.99999980
Character1_RightHandRing2
1
0.00000000
-0.02345802
1
0.00000000
-0.00000792
1
0.00000000
-0.00350789
2
0.00000000
0.80000000
-0.05763332
-0.05763308
2
0.00000000
0.80000000
0.14821650
0.14821630
2
0.00000000
0.80000000
-0.12539360
-0.12539340
2
0.00000000
0.80000000
0.97927870
0.97927870
2
0.00000000
0.80000000
0.99999990
0.99999990
2
0.00000000
0.80000000
1.00000000
1.00000000
2
0.00000000
0.80000000
1.00000000
1.00000000
Character1_RightHandRing3
1
0.00000000
-0.01589358
1
0.00000000
-0.00103255
1
0.00000000
0.00037811
2
0.00000000
0.80000000
-0.02323353
-0.02323384
2
0.00000000
0.80000000
0.72087430
0.72087450
2
0.00000000
0.80000000
-0.27049300
-0.27049260
2
0.00000000
0.80000000
0.63767860
0.63767850
2
0.00000000
0.80000000
0.99999990
0.99999990
2
0.00000000
0.80000000
0.99999990
0.99999990
2
0.00000000
0.80000000
1.00000000
1.00000000
Character1_RightHandRing4
1
0.00000000
-0.02512612
1
0.00000000
-0.00003484
1
0.00000000
-0.00327394
2
0.00000000
0.80000000
0.01259207
0.01259207
2
0.00000000
0.80000000
-0.04324944
-0.04324944
2
0.00000000
0.80000000
-0.00322445
-0.00322445
2
0.00000000
0.80000000
0.99897970
0.99897970
2
0.00000000
0.80000000
1.00000000
1.00000000
2
0.00000000
0.80000000
0.99999990
0.99999990
2
0.00000000
0.80000000
0.99999980
0.99999980
Character1_RightHandPinky1
1
0.00000000
-0.06501900
1
0.00000000
-0.02772160
1
0.00000000
0.01036632
2
0.00000000
0.80000000
0.88870660
0.88870600
2
0.00000000
0.80000000
-0.09507028
-0.09506977
2
0.00000000
0.80000000
-0.03652333
-0.03652345
2
0.00000000
0.80000000
-0.44702170
-0.44702290
2
0.00000000
0.80000000
1.00000000
1.00000000
2
0.00000000
0.80000000
1.00000000
1.00000000
2
0.00000000
0.80000000
0.99999990
0.99999990
Character1_RightHandPinky2
1
0.00000000
-0.01809764
1
0.00000000
-0.00014428
1
0.00000000
-0.00005280
2
0.00000000
0.80000000
0.02835851
0.02835729
2
0.00000000
0.80000000
0.22238710
0.22238710
2
0.00000000
0.80000000
-0.17340800
-0.17340830
2
0.00000000
0.80000000
0.95899400
0.95899400
2
0.00000000
0.80000000
1.00000000
1.00000000
2
0.00000000
0.80000000
1.00000000
1.00000000
2
0.00000000
0.80000000
1.00000000
1.00000000
Character1_RightHandPinky3
1
0.00000000
-0.01388555
1
0.00000000
0.00026696
1
0.00000000
0.00082812
2
0.00000000
0.80000000
0.02145718
0.02145607
2
0.00000000
0.80000000
0.62875950
0.62875960
2
0.00000000
0.80000000
-0.48098640
-0.48098590
2
0.00000000
0.80000000
0.61061700
0.61061750
2
0.00000000
0.80000000
1.00000000
1.00000000
2
0.00000000
0.80000000
1.00000000
1.00000000
2
0.00000000
0.80000000
1.00000000
1.00000000
Character1_RightHandPinky4
1
0.00000000
-0.01920296
1
0.00000000
0.00051865
1
0.00000000
-0.00024998
2
0.00000000
0.80000000
-0.01420847
-0.01420847
2
0.00000000
0.80000000
-0.00825185
-0.00825185
2
0.00000000
0.80000000
-0.01770875
-0.01770875
2
0.00000000
0.80000000
0.99970820
0.99970820
2
0.00000000
0.80000000
0.99999970
0.99999970
2
0.00000000
0.80000000
0.99999960
0.99999960
2
0.00000000
0.80000000
0.99999960
0.99999960
J_R_Sode_A00
2
0.00000000
0.80000000
-0.04704347
-0.04704347
2
0.00000000
0.80000000
0.03601107
0.03601107
2
0.00000000
0.80000000
-0.00102966
-0.00102966
6
0.00000000
0.06666668
0.20000000
0.40000000
0.63333330
0.80000000
0.00850231
0.00479023
-0.00092057
0.00865632
0.00750799
0.00868050
6
0.00000000
0.06666668
0.20000000
0.40000000
0.63333330
0.80000000
0.02313066
-0.00122043
-0.02589449
0.02312398
0.02346817
0.02312758
6
0.00000000
0.06666668
0.20000000
0.40000000
0.63333330
0.80000000
-0.09953773
-0.12599760
-0.16010170
-0.09473016
-0.14338980
-0.09371991
6
0.00000000
0.06666668
0.20000000
0.40000000
0.63333330
0.80000000
0.99475600
0.99201820
0.98676040
0.99519680
0.98935950
0.99529210
2
0.00000000
0.80000000
0.99999990
0.99999990
2
0.00000000
0.80000000
1.00000100
1.00000100
2
0.00000000
0.80000000
1.00000000
1.00000000
J_R_Sode_B00
2
0.00000000
0.80000000
-0.04424990
-0.04424990
2
0.00000000
0.80000000
0.00025344
0.00025344
2
0.00000000
0.80000000
0.03772974
0.03772974
5
0.00000000
0.26666670
0.46666670
0.63333330
0.80000000
0.70423540
0.70181700
0.70283730
0.69827490
0.70513050
5
0.00000000
0.26666670
0.46666670
0.63333330
0.80000000
0.14739220
0.15486860
0.13092910
0.11841830
0.13904760
5
0.00000000
0.26666670
0.46666670
0.63333330
0.80000000
-0.05878333
-0.06598002
-0.06926183
-0.09843603
-0.05033628
5
0.00000000
0.26666670
0.46666670
0.63333330
0.80000000
0.69200630
0.69218160
0.69575860
0.69907060
0.69348610
2
0.00000000
0.80000000
0.99999990
0.99999990
2
0.00000000
0.80000000
1.00000100
1.00000100
2
0.00000000
0.80000000
1.00000000
1.00000000
J_R_Sode_D00
2
0.00000000
0.80000000
-0.04395394
-0.04395394
2
0.00000000
0.80000000
0.00270832
0.00270832
2
0.00000000
0.80000000
-0.03898220
-0.03898220
5
0.00000000
0.20000000
0.40000000
0.63333330
0.80000000
-0.76193460
-0.75860300
-0.76222940
-0.76170960
-0.76217070
5
0.00000000
0.20000000
0.40000000
0.63333330
0.80000000
-0.03298537
-0.07879619
-0.02673349
-0.02238284
-0.02791859
5
0.00000000
0.20000000
0.40000000
0.63333330
0.80000000
0.02994025
-0.01113772
0.03009339
-0.00488975
0.03176776
5
0.00000000
0.20000000
0.40000000
0.63333330
0.80000000
0.64612010
0.64667500
0.64605420
0.64751330
0.64599320
2
0.00000000
0.80000000
0.99999990
0.99999990
2
0.00000000
0.80000000
1.00000100
1.00000100
2
0.00000000
0.80000000
1.00000000
1.00000000
J_R_Sode_C00
2
0.00000000
0.80000000
-0.04138786
-0.04138786
2
0.00000000
0.80000000
-0.04891171
-0.04891171
2
0.00000000
0.80000000
-0.01278703
-0.01278703
5
0.00000000
0.20000000
0.36666670
0.56666670
0.80000000
0.97990410
0.97927830
0.97934880
0.98273090
0.97963600
5
0.00000000
0.20000000
0.36666670
0.56666670
0.80000000
0.13670540
0.18636340
0.13661800
0.10779300
0.13301490
5
0.00000000
0.20000000
0.36666670
0.56666670
0.80000000
-0.14306780
-0.07910660
-0.14681220
-0.14734200
-0.14806820
5
0.00000000
0.20000000
0.36666670
0.56666670
0.80000000
0.02512278
0.00498759
0.02564695
0.03018140
0.02638364
2
0.00000000
0.80000000
0.99999990
0.99999990
2
0.00000000
0.80000000
1.00000100
1.00000100
2
0.00000000
0.80000000
1.00000100
1.00000100
Character1_Neck
1
0.00000000
-0.15685130
1
0.00000000
0.00829848
1
0.00000000
0.00028670
5
0.00000000
0.23333330
0.43333340
0.63333330
0.80000000
-0.00005481
-0.01312260
0.00822093
0.02685385
0.00107409
5
0.00000000
0.23333330
0.43333340
0.63333330
0.80000000
-0.00276822
-0.00383652
-0.00232997
-0.00081314
-0.00269614
5
0.00000000
0.23333330
0.43333340
0.63333330
0.80000000
-0.08207451
-0.10019400
-0.07475501
-0.10405710
-0.08014903
5
0.00000000
0.23333330
0.43333340
0.63333330
0.80000000
0.99662240
0.99487400
0.99716530
0.99420840
0.99677870
2
0.00000000
0.80000000
1.00000000
1.00000000
2
0.00000000
0.80000000
1.00000000
1.00000000
2
0.00000000
0.80000000
0.99999980
0.99999980
Character1_Head
1
0.00000000
-0.07808319
1
0.00000000
-0.00553454
1
0.00000000
0.00000000
6
0.00000000
0.20000000
0.36666670
0.53333340
0.63333330
0.80000000
0.01634812
0.00418217
0.01736166
0.03938727
0.04166668
0.01885319
6
0.00000000
0.20000000
0.36666670
0.53333340
0.63333330
0.80000000
-0.00851045
-0.00928892
-0.00810460
-0.00821663
-0.00830172
-0.00834262
6
0.00000000
0.20000000
0.36666670
0.53333340
0.63333330
0.80000000
0.18445900
0.16578320
0.19910030
0.17271370
0.16701660
0.18855510
6
0.00000000
0.20000000
0.36666670
0.53333340
0.63333330
0.80000000
0.98266740
0.98610960
0.97979180
0.98414990
0.98503830
0.98184620
2
0.00000000
0.80000000
1.00000000
1.00000000
2
0.00000000
0.80000000
0.99999980
0.99999980
2
0.00000000
0.80000000
1.00000000
1.00000000
J_L_HairSide_00
2
0.00000000
0.80000000
-0.09528863
-0.09528863
2
0.00000000
0.80000000
0.08420379
0.08420379
2
0.00000000
0.80000000
0.08411823
0.08411823
7
0.00000000
0.03333334
0.23333330
0.40000000
0.56666670
0.76666670
0.80000000
0.21871940
0.23755100
0.27653950
0.19740760
0.29155280
0.20248900
0.19557530
7
0.00000000
0.03333334
0.23333330
0.40000000
0.56666670
0.76666670
0.80000000
0.96151100
0.95573880
0.94268480
0.96685290
0.93723360
0.96552810
0.96732300
7
0.00000000
0.03333334
0.23333330
0.40000000
0.56666670
0.76666670
0.80000000
-0.01485652
-0.01283923
-0.01042125
-0.01653167
-0.00972707
-0.01601694
-0.01672126
7
0.00000000
0.03333334
0.23333330
0.40000000
0.56666670
0.76666670
0.80000000
0.16634290
0.17311250
0.18644760
0.16109770
0.19103840
0.16277920
0.16048960
2
0.00000000
0.80000000
1.00000100
1.00000100
2
0.00000000
0.80000000
1.00000000
1.00000000
2
0.00000000
0.80000000
1.00000100
1.00000100
J_L_HairSide_01
2
0.00000000
0.80000000
-0.07190698
-0.07190698
2
0.00000000
0.80000000
0.00000000
0.00000000
2
0.00000000
0.80000000
0.00000000
0.00000000
7
0.00000000
0.03333334
0.23333330
0.40000000
0.56666670
0.76666670
0.80000000
0.01752944
0.01842079
0.02209062
0.01556463
0.02382614
0.01585346
0.01546481
7
0.00000000
0.03333334
0.23333330
0.40000000
0.56666670
0.76666670
0.80000000
0.03619428
0.02909252
0.01453961
0.04175324
0.00933684
0.04001980
0.04237771
7
0.00000000
0.03333334
0.23333330
0.40000000
0.56666670
0.76666670
0.80000000
0.05663624
0.07626162
0.11670180
0.03477772
0.13228540
0.04002774
0.03288500
7
0.00000000
0.03333334
0.23333330
0.40000000
0.56666670
0.76666670
0.80000000
0.99770100
0.99649310
0.99281480
0.99840120
0.99088130
0.99827090
0.99844060
2
0.00000000
0.80000000
1.00000000
1.00000000
2
0.00000000
0.80000000
1.00000000
1.00000000
2
0.00000000
0.80000000
1.00000000
1.00000000
J_R_HairSide_00
2
0.00000000
0.80000000
-0.09799041
-0.09799041
2
0.00000000
0.80000000
0.07704446
0.07704446
2
0.00000000
0.80000000
-0.08779540
-0.08779540
7
0.00000000
0.03333334
0.23333330
0.40000000
0.56666670
0.76666670
0.80000000
0.22349000
0.24276970
0.28259750
0.20231120
0.29783730
0.20746480
0.20045290
7
0.00000000
0.03333334
0.23333330
0.40000000
0.56666670
0.76666670
0.80000000
0.96035780
0.95474700
0.94109420
0.96519040
0.93569330
0.96386020
0.96566270
7
0.00000000
0.03333334
0.23333330
0.40000000
0.56666670
0.76666670
0.80000000
-0.04177559
-0.04301554
-0.04422403
-0.03788992
-0.04498584
-0.03841268
-0.03769755
7
0.00000000
0.03333334
0.23333330
0.40000000
0.56666670
0.76666670
0.80000000
-0.16204540
-0.16634530
-0.18034610
-0.16137600
-0.18370460
-0.16265400
-0.16091340
2
0.00000000
0.80000000
1.00000100
1.00000100
2
0.00000000
0.80000000
1.00000000
1.00000000
2
0.00000000
0.80000000
1.00000100
1.00000100
J_R_HairSide_01
2
0.00000000
0.80000000
-0.07190759
-0.07190759
2
0.00000000
0.80000000
0.00000000
0.00000000
2
0.00000000
0.80000000
0.00000000
0.00000000
7
0.00000000
0.03333334
0.23333330
0.40000000
0.56666670
0.76666670
0.80000000
-0.00614612
-0.00816054
-0.01270323
-0.00564050
-0.01448596
-0.00597789
-0.00552271
7
0.00000000
0.03333334
0.23333330
0.40000000
0.56666670
0.76666670
0.80000000
-0.04860223
-0.04295640
-0.02570311
-0.05019519
-0.02103761
-0.04863054
-0.05075900
7
0.00000000
0.03333334
0.23333330
0.40000000
0.56666670
0.76666670
0.80000000
0.05731992
0.07696293
0.11746200
0.03532067
0.13310690
0.04057982
0.03342481
7
0.00000000
0.03333334
0.23333330
0.40000000
0.56666670
0.76666670
0.80000000
0.99727280
0.99607470
0.99266340
0.99809870
0.99077250
0.99797430
0.99813620
2
0.00000000
0.80000000
1.00000000
1.00000000
2
0.00000000
0.80000000
1.00000000
1.00000000
2
0.00000000
0.80000000
1.00000000
1.00000000
J_L_HairFront_00
2
0.00000000
0.80000000
-0.11835310
-0.11835310
2
0.00000000
0.80000000
0.11062720
0.11062720
2
0.00000000
0.80000000
-0.00064683
-0.00064683
7
0.00000000
0.03333334
0.20000000
0.40000000
0.60000000
0.76666670
0.80000000
-0.05316383
-0.06523570
-0.12210540
-0.04759318
-0.12762730
-0.05165158
-0.04601016
7
0.00000000
0.03333334
0.20000000
0.40000000
0.60000000
0.76666670
0.80000000
0.99747800
0.99681540
0.99149320
0.99754350
0.98916980
0.99735790
0.99770640
7
0.00000000
0.03333334
0.20000000
0.40000000
0.60000000
0.76666670
0.80000000
0.03924476
0.03999899
0.04497743
0.03880732
0.03679274
0.03894622
0.03890041
7
0.00000000
0.03333334
0.20000000
0.40000000
0.60000000
0.76666670
0.80000000
-0.02772183
-0.02243512
0.00291740
-0.03370195
-0.06245452
-0.03305412
-0.03085173
2
0.00000000
0.80000000
1.00000100
1.00000100
2
0.00000000
0.80000000
1.00000000
1.00000000
2
0.00000000
0.80000000
1.00000100
1.00000100
J_R_HairFront_00
2
0.00000000
0.80000000
-0.11864670
-0.11864670
2
0.00000000
0.80000000
0.10995260
0.10995260
2
0.00000000
0.80000000
-0.00727659
-0.00727659
7
0.00000000
0.03333334
0.20000000
0.40000000
0.60000000
0.76666670
0.80000000
-0.12128210
-0.13405080
-0.19408710
-0.11467430
-0.18660030
-0.11874970
-0.11370100
7
0.00000000
0.03333334
0.20000000
0.40000000
0.60000000
0.76666670
0.80000000
0.97750990
0.97623130
0.96835080
0.97775550
0.96234350
0.97730980
0.97812750
7
0.00000000
0.03333334
0.20000000
0.40000000
0.60000000
0.76666670
0.80000000
-0.15949290
-0.15790920
-0.14858690
-0.16053270
-0.16095070
-0.16020560
-0.16029840
7
0.00000000
0.03333334
0.20000000
0.40000000
0.60000000
0.76666670
0.80000000
-0.06651666
-0.06377726
-0.05048621
-0.07122666
-0.11476180
-0.07140150
-0.06814066
2
0.00000000
0.80000000
1.00000000
1.00000000
2
0.00000000
0.80000000
1.00000100
1.00000100
2
0.00000000
0.80000000
1.00000100
1.00000100
J_L_HeadRibbon_00
2
0.00000000
0.80000000
-0.17970760
-0.17970760
2
0.00000000
0.80000000
0.08956378
0.08956378
2
0.00000000
0.80000000
0.04141203
0.04141203
7
0.00000000
0.06666668
0.20000000
0.40000000
0.60000000
0.76666670
0.80000000
0.09006621
0.09581202
0.10374560
0.08839428
0.10430840
0.08922698
0.08809389
7
0.00000000
0.06666668
0.20000000
0.40000000
0.60000000
0.76666670
0.80000000
0.22924830
0.22689790
0.22338180
0.22988920
0.22311960
0.22956720
0.23000440
7
0.00000000
0.06666668
0.20000000
0.40000000
0.60000000
0.76666670
0.80000000
0.30257400
0.32567320
0.35762810
0.29586230
0.35989770
0.29920570
0.29465630
7
0.00000000
0.06666668
0.20000000
0.40000000
0.60000000
0.76666670
0.80000000
0.92078810
0.91283870
0.90079940
0.92293170
0.89989510
0.92185320
0.92331740
2
0.00000000
0.80000000
1.00000000
1.00000000
2
0.00000000
0.80000000
1.00000100
1.00000100
2
0.00000000
0.80000000
1.00000000
1.00000000
J_L_HeadRibbon_01
2
0.00000000
0.80000000
-0.08505328
-0.08505328
2
0.00000000
0.80000000
0.00000000
0.00000000
2
0.00000000
0.80000000
0.00000000
0.00000000
9
0.00000000
0.10000000
0.20000000
0.30000000
0.40000000
0.53333340
0.63333330
0.73333330
0.80000000
0.56510110
0.55461130
0.54846680
0.56127580
0.56563790
0.55224010
0.55011350
0.56292830
0.56582070
9
0.00000000
0.10000000
0.20000000
0.30000000
0.40000000
0.53333340
0.63333330
0.73333330
0.80000000
0.34405480
0.42451830
0.45546560
0.38049410
0.33747970
0.43723160
0.44777260
0.36641210
0.33510350
9
0.00000000
0.10000000
0.20000000
0.30000000
0.40000000
0.53333340
0.63333330
0.73333330
0.80000000
0.06359739
0.12565920
0.15022700
0.09139720
0.05863198
0.13570120
0.14408050
0.08059627
0.05684129
9
0.00000000
0.10000000
0.20000000
0.30000000
0.40000000
0.53333340
0.63333330
0.73333330
0.80000000
0.74715620
0.70455680
0.68495770
0.72927370
0.75014900
0.69673850
0.69001140
0.73644980
0.75121340
2
0.00000000
0.80000000
1.00000000
1.00000000
2
0.00000000
0.80000000
1.00000000
1.00000000
2
0.00000000
0.80000000
1.00000000
1.00000000
J_R_HeadRibbon_00
2
0.00000000
0.80000000
-0.18103220
-0.18103220
2
0.00000000
0.80000000
0.08604571
0.08604571
2
0.00000000
0.80000000
-0.04305515
-0.04305515
7
0.00000000
0.06666668
0.20000000
0.40000000
0.60000000
0.76666670
0.80000000
-0.12352410
-0.12857050
-0.13549320
-0.12204850
-0.13598210
-0.12278290
-0.12178340
7
0.00000000
0.06666668
0.20000000
0.40000000
0.60000000
0.76666670
0.80000000
-0.20196240
-0.19877830
-0.19412570
-0.20284810
-0.19378360
-0.20240440
-0.20300740
7
0.00000000
0.06666668
0.20000000
0.40000000
0.60000000
0.76666670
0.80000000
0.31321320
0.33628210
0.36818410
0.30650840
0.37044930
0.30984820
0.30530370
7
0.00000000
0.06666668
0.20000000
0.40000000
0.60000000
0.76666670
0.80000000
0.91973850
0.91152130
0.89910920
0.92195960
0.89817820
0.92084250
0.92235920
2
0.00000000
0.80000000
1.00000000
1.00000000
2
0.00000000
0.80000000
1.00000100
1.00000100
2
0.00000000
0.80000000
1.00000000
1.00000000
J_R_HeadRibbon_01
2
0.00000000
0.80000000
-0.08505593
-0.08505593
2
0.00000000
0.80000000
0.00000000
0.00000000
2
0.00000000
0.80000000
0.00000000
0.00000000
8
0.00000000
0.13333330
0.23333330
0.40000000
0.53333340
0.63333330
0.76666670
0.80000000
-0.56397130
-0.54983660
-0.55176770
-0.56452910
-0.55176760
-0.54983660
-0.56397130
-0.56472150
8
0.00000000
0.13333330
0.23333330
0.40000000
0.53333340
0.63333330
0.76666670
0.80000000
-0.35631040
-0.44905550
-0.43959890
-0.35044810
-0.43959900
-0.44905550
-0.35631040
-0.34832990
8
0.00000000
0.13333330
0.23333330
0.40000000
0.53333340
0.63333330
0.76666670
0.80000000
0.07290755
0.14511650
0.13759180
0.06845433
0.13759190
0.14511650
0.07290755
0.06684832
8
0.00000000
0.13333330
0.23333330
0.40000000
0.53333340
0.63333330
0.76666670
0.80000000
0.74139310
0.68918070
0.69525080
0.74418210
0.69525080
0.68918070
0.74139310
0.74517600
2
0.00000000
0.80000000
1.00000000
1.00000000
2
0.00000000
0.80000000
1.00000000
1.00000000
2
0.00000000
0.80000000
1.00000000
1.00000000
J_L_HairTail_00
2
0.00000000
0.80000000
-0.03154395
-0.03154395
2
0.00000000
0.80000000
-0.06754832
-0.06754832
2
0.00000000
0.80000000
0.06546028
0.06546028
5
0.00000000
0.20000000
0.40000000
0.60000000
0.80000000
-0.13635070
-0.16517780
-0.12502190
-0.12059350
-0.12669450
5
0.00000000
0.20000000
0.40000000
0.60000000
0.80000000
0.01702765
0.02709997
0.01400833
0.00688893
0.01477653
5
0.00000000
0.20000000
0.40000000
0.60000000
0.80000000
0.93254570
0.92154460
0.93964250
0.90878910
0.94048620
5
0.00000000
0.20000000
0.40000000
0.60000000
0.80000000
0.33388170
0.35033930
0.31819070
0.39938970
0.31498560
2
0.00000000
0.80000000
1.00000100
1.00000100
2
0.00000000
0.80000000
1.00000100
1.00000100
2
0.00000000
0.80000000
1.00000000
1.00000000
J_L_HairTail_01
2
0.00000000
0.80000000
-0.11597680
-0.11597680
2
0.00000000
0.80000000
0.00000000
0.00000000
2
0.00000000
0.80000000
0.00000000
0.00000000
10
0.00000000
0.03333334
0.16666670
0.26666670
0.33333330
0.40000000
0.56666670
0.70000000
0.76666670
0.80000000
-0.00010845
-0.00009499
-0.00016903
-0.00020620
-0.00014476
-0.00008781
-0.00015753
-0.00020278
-0.00015157
-0.00012400
10
0.00000000
0.03333334
0.16666670
0.26666670
0.33333330
0.40000000
0.56666670
0.70000000
0.76666670
0.80000000
0.00052863
0.00053139
0.00051267
0.00049888
0.00052004
0.00053263
0.00051632
0.00050028
0.00051810
0.00052538
10
0.00000000
0.03333334
0.16666670
0.26666670
0.33333330
0.40000000
0.56666670
0.70000000
0.76666670
0.80000000
0.03214751
0.05758151
-0.08387432
-0.15678780
-0.03697582
0.07106163
-0.06158912
-0.15001940
-0.05007836
0.00273948
10
0.00000000
0.03333334
0.16666670
0.26666670
0.33333330
0.40000000
0.56666670
0.70000000
0.76666670
0.80000000
0.99916760
0.99834070
0.99647620
0.98763220
0.99931600
0.99747180
0.99810150
0.98868290
0.99874520
0.99999610
2
0.00000000
0.80000000
1.00000000
1.00000000
2
0.00000000
0.80000000
1.00000000
1.00000000
2
0.00000000
0.80000000
1.00000000
1.00000000
J_L_HairTail_02
2
0.00000000
0.80000000
-0.13655790
-0.13655790
2
0.00000000
0.80000000
0.00000000
0.00000000
2
0.00000000
0.80000000
0.00000000
0.00000000
3
0.00000000
0.40000000
0.80000000
-0.00789319
-0.00768799
-0.00768799
3
0.00000000
0.40000000
0.80000000
0.01920949
0.01929253
0.01929253
3
0.00000000
0.40000000
0.80000000
-0.16012590
-0.14959760
-0.14959760
3
0.00000000
0.40000000
0.80000000
0.98687810
0.98852880
0.98852880
2
0.00000000
0.80000000
1.00000000
1.00000000
2
0.00000000
0.80000000
1.00000000
1.00000000
2
0.00000000
0.80000000
1.00000000
1.00000000
J_L_HairTail_03
2
0.00000000
0.80000000
-0.13229260
-0.13229260
2
0.00000000
0.80000000
0.00000000
0.00000000
2
0.00000000
0.80000000
0.00000000
0.00000000
11
0.00000000
0.06666668
0.16666670
0.26666670
0.33333330
0.40000000
0.46666670
0.53333340
0.60000000
0.73333330
0.80000000
0.01382260
0.00945183
0.00373624
0.00833511
0.01318867
0.01452605
0.01095972
0.00586666
0.00372125
0.01054820
0.01471538
11
0.00000000
0.06666668
0.16666670
0.26666670
0.33333330
0.40000000
0.46666670
0.53333340
0.60000000
0.73333330
0.80000000
-0.03136045
-0.03294245
-0.03406732
-0.03324256
-0.03163228
-0.03104088
-0.03247193
-0.03376573
-0.03406896
-0.03260794
-0.03095157
11
0.00000000
0.06666668
0.16666670
0.26666670
0.33333330
0.40000000
0.46666670
0.53333340
0.60000000
0.73333330
0.80000000
-0.22372850
-0.08986422
0.08000617
-0.05623386
-0.20408040
-0.24562970
-0.13563370
0.01733510
0.08044453
-0.12310110
-0.25154250
11
0.00000000
0.06666668
0.16666670
0.26666670
0.33333330
0.40000000
0.46666670
0.53333340
0.60000000
0.73333330
0.80000000
0.97404880
0.99536420
0.99620500
0.99782930
0.97835410
0.96875770
0.99016610
0.99926220
0.99616970
0.99180220
0.96723930
2
0.00000000
0.80000000
1.00000000
1.00000000
2
0.00000000
0.80000000
1.00000000
1.00000000
2
0.00000000
0.80000000
1.00000000
1.00000000
J_L_HairTail_04
2
0.00000000
0.80000000
-0.13752590
-0.13752590
2
0.00000000
0.80000000
0.00000000
0.00000000
2
0.00000000
0.80000000
0.00000000
0.00000000
9
0.00000000
0.10000000
0.20000000
0.30000000
0.40000000
0.50000000
0.60000000
0.73333330
0.80000000
0.01962505
0.02167663
0.02267858
0.01867706
0.01674351
0.02022602
0.02291167
0.01891612
0.01665080
9
0.00000000
0.10000000
0.20000000
0.30000000
0.40000000
0.50000000
0.60000000
0.73333330
0.80000000
0.03840447
0.03129312
0.02370500
0.02403961
0.02841899
0.02272435
0.02400289
0.02373067
0.02874109
9
0.00000000
0.10000000
0.20000000
0.30000000
0.40000000
0.50000000
0.60000000
0.73333330
0.80000000
-0.04491866
0.10203540
0.15502230
0.01146342
-0.06737353
0.06768534
0.16359530
0.02037036
-0.07165023
9
0.00000000
0.10000000
0.20000000
0.30000000
0.40000000
0.50000000
0.60000000
0.73333330
0.80000000
0.99805930
0.99405210
0.98736610
0.99947080
0.99718250
0.99724280
0.98596930
0.99933180
0.99687660
2
0.00000000
0.80000000
1.00000000
1.00000000
2
0.00000000
0.80000000
1.00000000
1.00000000
2
0.00000000
0.80000000
1.00000000
1.00000000
J_L_HairTail_05
2
0.00000000
0.80000000
-0.14597840
-0.14597840
2
0.00000000
0.80000000
0.00000000
0.00000000
2
0.00000000
0.80000000
0.00000000
0.00000000
9
0.00000000
0.10000000
0.20000000
0.30000000
0.40000000
0.50000000
0.60000000
0.73333330
0.80000000
0.00132290
-0.00069775
-0.00142217
0.00054529
0.00162288
-0.00022405
-0.00154005
0.00042348
0.00168132
9
0.00000000
0.10000000
0.20000000
0.30000000
0.40000000
0.50000000
0.60000000
0.73333330
0.80000000
-0.01360737
-0.01365370
-0.01359735
-0.01366064
-0.01357486
-0.01366968
-0.01358450
-0.01366496
-0.01356774
9
0.00000000
0.10000000
0.20000000
0.30000000
0.40000000
0.50000000
0.60000000
0.73333330
0.80000000
-0.07363103
0.07419366
0.12706630
-0.01668370
-0.09562068
0.03958489
0.13566360
-0.00776945
-0.09990595
9
0.00000000
0.10000000
0.20000000
0.30000000
0.40000000
0.50000000
0.60000000
0.73333330
0.80000000
0.99719180
0.99715020
0.99180000
0.99976740
0.99532400
0.99912270
0.99066070
0.99987640
0.99490300
2
0.00000000
0.80000000
1.00000100
1.00000100
2
0.00000000
0.80000000
1.00000000
1.00000000
2
0.00000000
0.80000000
1.00000100
1.00000100
J_R_HairTail_00
2
0.00000000
0.80000000
-0.03349167
-0.03349167
2
0.00000000
0.80000000
-0.07271498
-0.07271498
2
0.00000000
0.80000000
-0.05859684
-0.05859684
5
0.00000000
0.23333330
0.40000000
0.63333330
0.80000000
0.13467140
0.13877690
0.13023050
0.13326810
0.13016390
5
0.00000000
0.23333330
0.40000000
0.63333330
0.80000000
0.02795327
0.02533605
0.02866868
0.02906914
0.02865558
5
0.00000000
0.23333330
0.40000000
0.63333330
0.80000000
0.92773830
0.91087890
0.93764270
0.92377600
0.93791470
5
0.00000000
0.23333330
0.40000000
0.63333330
0.80000000
0.34696390
0.38781290
0.32100530
0.35781630
0.32023780
2
0.00000000
0.80000000
1.00000100
1.00000100
2
0.00000000
0.80000000
1.00000100
1.00000100
2
0.00000000
0.80000000
1.00000000
1.00000000
J_R_HairTail_01
2
0.00000000
0.80000000
-0.11597510
-0.11597510
2
0.00000000
0.80000000
0.00000000
0.00000000
2
0.00000000
0.80000000
0.00000000
0.00000000
10
0.00000000
0.03333334
0.16666670
0.26666670
0.33333330
0.40000000
0.56666670
0.70000000
0.76666670
0.80000000
0.00010684
0.00009358
0.00016653
0.00020316
0.00014262
0.00008650
0.00015520
0.00019978
0.00014933
0.00012216
10
0.00000000
0.03333334
0.16666670
0.26666670
0.33333330
0.40000000
0.56666670
0.70000000
0.76666670
0.80000000
-0.00052085
-0.00052356
-0.00050512
-0.00049153
-0.00051238
-0.00052478
-0.00050871
-0.00049291
-0.00051047
-0.00051764
10
0.00000000
0.03333334
0.16666670
0.26666670
0.33333330
0.40000000
0.56666670
0.70000000
0.76666670
0.80000000
0.03215243
0.05758642
-0.08386942
-0.15678300
-0.03697091
0.07106654
-0.06158421
-0.15001460
-0.05007345
0.00274440
10
0.00000000
0.03333334
0.16666670
0.26666670
0.33333330
0.40000000
0.56666670
0.70000000
0.76666670
0.80000000
0.99916740
0.99834040
0.99647670
0.98763290
0.99931620
0.99747150
0.99810180
0.98868370
0.99874540
0.99999610
2
0.00000000
0.80000000
1.00000000
1.00000000
2
0.00000000
0.80000000
1.00000000
1.00000000
2
0.00000000
0.80000000
1.00000000
1.00000000
J_R_HairTail_02
2
0.00000000
0.80000000
-0.13656150
-0.13656150
2
0.00000000
0.80000000
0.00000000
0.00000000
2
0.00000000
0.80000000
0.00000000
0.00000000
3
0.00000000
0.40000000
0.80000000
0.00789462
0.00768937
0.00768937
3
0.00000000
0.40000000
0.80000000
-0.01921306
-0.01929611
-0.01929611
3
0.00000000
0.40000000
0.80000000
-0.16013080
-0.14960250
-0.14960250
3
0.00000000
0.40000000
0.80000000
0.98687730
0.98852800
0.98852800
2
0.00000000
0.80000000
1.00000000
1.00000000
2
0.00000000
0.80000000
1.00000000
1.00000000
2
0.00000000
0.80000000
1.00000000
1.00000000
J_R_HairTail_03
2
0.00000000
0.80000000
-0.13228850
-0.13228850
2
0.00000000
0.80000000
0.00000000
0.00000000
2
0.00000000
0.80000000
0.00000000
0.00000000
11
0.00000000
0.06666668
0.16666670
0.26666670
0.33333330
0.40000000
0.46666670
0.53333340
0.60000000
0.73333330
0.80000000
-0.01382191
-0.00945138
-0.00373611
-0.00833473
-0.01318802
-0.01452532
-0.01095920
-0.00586641
-0.00372112
-0.01054770
-0.01471464
11
0.00000000
0.06666668
0.16666670
0.26666670
0.33333330
0.40000000
0.46666670
0.53333340
0.60000000
0.73333330
0.80000000
0.03135872
0.03294064
0.03406546
0.03324074
0.03163053
0.03103916
0.03247015
0.03376388
0.03406711
0.03260614
0.03094985
11
0.00000000
0.06666668
0.16666670
0.26666670
0.33333330
0.40000000
0.46666670
0.53333340
0.60000000
0.73333330
0.80000000
-0.22372740
-0.08986315
0.08000724
-0.05623279
-0.20407930
-0.24562870
-0.13563270
0.01733618
0.08044562
-0.12310010
-0.25154150
11
0.00000000
0.06666668
0.16666670
0.26666670
0.33333330
0.40000000
0.46666670
0.53333340
0.60000000
0.73333330
0.80000000
0.97404910
0.99536440
0.99620500
0.99782940
0.97835430
0.96875800
0.99016640
0.99926230
0.99616970
0.99180240
0.96723960
2
0.00000000
0.80000000
1.00000000
1.00000000
2
0.00000000
0.80000000
1.00000000
1.00000000
2
0.00000000
0.80000000
1.00000000
1.00000000
J_R_HairTail_04
2
0.00000000
0.80000000
-0.13752580
-0.13752580
2
0.00000000
0.80000000
0.00000000
0.00000000
2
0.00000000
0.80000000
0.00000000
0.00000000
9
0.00000000
0.10000000
0.20000000
0.30000000
0.40000000
0.50000000
0.60000000
0.73333330
0.80000000
-0.01982381
-0.02481838
-0.02696411
-0.01970031
-0.01604868
-0.02251743
-0.02739240
-0.02013852
-0.01586561
9
0.00000000
0.10000000
0.20000000
0.30000000
0.40000000
0.50000000
0.60000000
0.73333330
0.80000000
-0.06262539
-0.05452673
-0.04561576
-0.04583411
-0.05078852
-0.04438288
-0.04596944
-0.04548827
-0.05115450
9
0.00000000
0.10000000
0.20000000
0.30000000
0.40000000
0.50000000
0.60000000
0.73333330
0.80000000
-0.04439716
0.10217920
0.15527190
0.01179350
-0.06692427
0.06797287
0.16384110
0.02069191
-0.07119179
9
0.00000000
0.10000000
0.20000000
0.30000000
0.40000000
0.50000000
0.60000000
0.73333330
0.80000000
0.99685200
0.99296040
0.98644960
0.99868520
0.99633540
0.99644510
0.98503430
0.99854750
0.99602370
2
0.00000000
0.80000000
1.00000000
1.00000000
2
0.00000000
0.80000000
1.00000000
1.00000000
2
0.00000000
0.80000000
1.00000000
1.00000000
J_R_HairTail_05
2
0.00000000
0.80000000
-0.14597890
-0.14597890
2
0.00000000
0.80000000
0.00000000
0.00000000
2
0.00000000
0.80000000
0.00000000
0.00000000
9
0.00000000
0.10000000
0.20000000
0.30000000
0.40000000
0.50000000
0.60000000
0.73333330
0.80000000
-0.00132284
0.00069770
0.00142208
-0.00054528
-0.00162281
0.00022402
0.00153995
-0.00042347
-0.00168125
9
0.00000000
0.10000000
0.20000000
0.30000000
0.40000000
0.50000000
0.60000000
0.73333330
0.80000000
0.01360660
0.01365294
0.01359659
0.01365987
0.01357409
0.01366892
0.01358374
0.01366419
0.01356698
9
0.00000000
0.10000000
0.20000000
0.30000000
0.40000000
0.50000000
0.60000000
0.73333330
0.80000000
-0.07363097
0.07419372
0.12706640
-0.01668365
-0.09562063
0.03958495
0.13566360
-0.00776940
-0.09990590
9
0.00000000
0.10000000
0.20000000
0.30000000
0.40000000
0.50000000
0.60000000
0.73333330
0.80000000
0.99719180
0.99715020
0.99180000
0.99976740
0.99532400
0.99912270
0.99066070
0.99987640
0.99490300
2
0.00000000
0.80000000
1.00000100
1.00000100
2
0.00000000
0.80000000
1.00000000
1.00000000
2
0.00000000
0.80000000
1.00000100
1.00000100
J_Mune_root_00
1
0.00000000
-0.08766683
1
0.00000000
-0.00030448
1
0.00000000
0.00000002
4
0.00000000
0.23333330
0.60000000
0.80000000
-0.46085850
-0.44787320
-0.47675700
-0.46398140
4
0.00000000
0.23333330
0.60000000
0.80000000
0.54490350
0.54183100
0.55389750
0.54347750
4
0.00000000
0.23333330
0.60000000
0.80000000
0.45263250
0.46499990
0.43511640
0.45340010
4
0.00000000
0.23333330
0.60000000
0.80000000
0.53461520
0.53814860
0.52590310
0.53271170
2
0.00000000
0.80000000
1.00000000
1.00000000
2
0.00000000
0.80000000
1.00000100
1.00000100
2
0.00000000
0.80000000
1.00000000
1.00000000
J_L_SusoSide_00
2
0.00000000
0.80000000
-0.05543403
-0.05543403
2
0.00000000
0.80000000
0.00173068
0.00173068
2
0.00000000
0.80000000
0.09865373
0.09865373
6
0.00000000
0.23333330
0.40000000
0.53333340
0.66666670
0.80000000
-0.16097280
-0.21875850
-0.14198930
-0.21875850
-0.21672720
-0.14019910
6
0.00000000
0.23333330
0.40000000
0.53333340
0.66666670
0.80000000
0.68547650
0.66927940
0.68965880
0.66927940
0.66993990
0.69002490
6
0.00000000
0.23333330
0.40000000
0.53333340
0.66666670
0.80000000
0.69823910
0.68470790
0.70153730
0.68470790
0.68527540
0.70181980
6
0.00000000
0.23333330
0.40000000
0.53333340
0.66666670
0.80000000
0.12912040
0.18810870
0.10979690
0.18810870
0.18603070
0.10797590
2
0.00000000
0.80000000
1.00000000
1.00000000
2
0.00000000
0.80000000
1.00000000
1.00000000
2
0.00000000
0.80000000
1.00000000
1.00000000
J_R_SusoSide_00
2
0.00000000
0.80000000
-0.05543370
-0.05543370
2
0.00000000
0.80000000
0.00173073
0.00173073
2
0.00000000
0.80000000
-0.09865367
-0.09865367
6
0.00000000
0.23333330
0.40000000
0.53333340
0.66666670
0.80000000
0.68547640
0.66927920
0.68965860
0.66927920
0.66993980
0.69002480
6
0.00000000
0.23333330
0.40000000
0.53333340
0.66666670
0.80000000
0.16097330
0.21875910
0.14198990
0.21875910
0.21672780
0.14019980
6
0.00000000
0.23333330
0.40000000
0.53333340
0.66666670
0.80000000
-0.12912090
-0.18810920
-0.10979740
-0.18810920
-0.18603120
-0.10797650
6
0.00000000
0.23333330
0.40000000
0.53333340
0.66666670
0.80000000
0.69823900
0.68470780
0.70153710
0.68470780
0.68527530
0.70181970
2
0.00000000
0.80000000
1.00000000
1.00000000
2
0.00000000
0.80000000
1.00000000
1.00000000
2
0.00000000
0.80000000
1.00000000
1.00000000
J_L_Skirt_00
2
0.00000000
0.80000000
-0.06887829
-0.06887829
2
0.00000000
0.80000000
0.07501759
0.07501759
2
0.00000000
0.80000000
0.05685667
0.05685667
8
0.00000000
0.13333330
0.20000000
0.36666670
0.40000000
0.46666670
0.56666670
0.80000000
-0.19963680
-0.28274920
-0.23495390
-0.11596660
-0.11725440
-0.20079160
-0.25193460
-0.14141150
8
0.00000000
0.13333330
0.20000000
0.36666670
0.40000000
0.46666670
0.56666670
0.80000000
0.97880160
0.95810250
0.97092960
0.99219920
0.99204780
0.97856540
0.96666250
0.98889350
8
0.00000000
0.13333330
0.20000000
0.36666670
0.40000000
0.46666670
0.56666670
0.80000000
-0.00914174
-0.01294764
-0.01075901
-0.00531040
-0.00536939
-0.00919462
-0.01153663
-0.00647548
8
0.00000000
0.13333330
0.20000000
0.36666670
0.40000000
0.46666670
0.56666670
0.80000000
0.04482137
0.04387346
0.04446087
0.04543483
0.04542796
0.04481058
0.04426547
0.04528344
2
0.00000000
0.80000000
1.00000000
1.00000000
2
0.00000000
0.80000000
1.00000000
1.00000000
2
0.00000000
0.80000000
1.00000000
1.00000000
J_L_Skirt_01
2
0.00000000
0.80000000
-0.14191040
-0.14191040
2
0.00000000
0.80000000
0.00000000
0.00000000
2
0.00000000
0.80000000
0.00000000
0.00000000
10
0.00000000
0.03333334
0.16666670
0.26666670
0.33333330
0.40000000
0.56666670
0.70000000
0.76666670
0.80000000
-0.00264142
-0.00182944
-0.00592143
-0.00807650
-0.00509811
-0.00231376
-0.00595091
-0.00809840
-0.00454116
-0.00265625
10
0.00000000
0.03333334
0.16666670
0.26666670
0.33333330
0.40000000
0.56666670
0.70000000
0.76666670
0.80000000
0.03391820
0.03397167
0.03350162
0.03304832
0.03363675
0.03394213
0.03349639
0.03304297
0.03371646
0.03391705
10
0.00000000
0.03333334
0.16666670
0.26666670
0.33333330
0.40000000
0.56666670
0.70000000
0.76666670
0.80000000
-0.12163540
-0.09787510
-0.21735470
-0.28001210
-0.19336800
-0.11205030
-0.21821320
-0.28064760
-0.17712630
-0.12206920
10
0.00000000
0.03333334
0.16666670
0.26666670
0.33333330
0.40000000
0.56666670
0.70000000
0.76666670
0.80000000
0.99199160
0.99461700
0.97549960
0.95939340
0.98053630
0.99312000
0.97530790
0.95920780
0.98360000
0.99193840
2
0.00000000
0.80000000
1.00000000
1.00000000
2
0.00000000
0.80000000
1.00000000
1.00000000
2
0.00000000
0.80000000
1.00000000
1.00000000
J_L_SusoFront_00
2
0.00000000
0.80000000
0.00000000
0.00000000
2
0.00000000
0.80000000
-0.00000003
-0.00000003
2
0.00000000
0.80000000
0.00000000
0.00000000
3
0.00000000
0.23333330
0.80000000
0.00064264
0.00061369
0.00059957
3
0.00000000
0.23333330
0.80000000
-0.00732682
-0.00732855
-0.00732968
3
0.00000000
0.23333330
0.80000000
-0.13242390
-0.12747770
-0.12557580
3
0.00000000
0.23333330
0.80000000
0.99116590
0.99181420
0.99205680
2
0.00000000
0.80000000
0.99999950
0.99999950
2
0.00000000
0.80000000
0.99999950
0.99999950
2
0.00000000
0.80000000
0.99999960
0.99999960
J_L_SkirtBack_00
2
0.00000000
0.80000000
-0.07235061
-0.07235061
2
0.00000000
0.80000000
-0.04127109
-0.04127109
2
0.00000000
0.80000000
0.05315229
0.05315229
6
0.00000000
0.23333330
0.40000000
0.53333340
0.66666670
0.80000000
-0.05518754
-0.05505845
-0.05514338
-0.05505845
-0.05506992
-0.05513706
6
0.00000000
0.23333330
0.40000000
0.53333340
0.66666670
0.80000000
0.00083802
-0.00386442
0.00236111
-0.00386442
-0.00369737
0.00250419
6
0.00000000
0.23333330
0.40000000
0.53333340
0.66666670
0.80000000
0.97504280
0.95318940
0.98060750
0.95318940
0.95408690
0.98109220
6
0.00000000
0.23333330
0.40000000
0.53333340
0.66666670
0.80000000
0.21504670
0.29729370
0.18804950
0.29729370
0.29440070
0.18550410
2
0.00000000
0.80000000
1.00000000
1.00000000
2
0.00000000
0.80000000
1.00000000
1.00000000
2
0.00000000
0.80000000
1.00000000
1.00000000
J_L_SkirtBack_01
2
0.00000000
0.80000000
-0.14993030
-0.14993030
2
0.00000000
0.80000000
0.00000000
0.00000000
2
0.00000000
0.80000000
0.00000000
0.00000000
11
0.00000000
0.03333334
0.13333330
0.23333330
0.26666670
0.33333330
0.40000000
0.56666670
0.70000000
0.76666670
0.80000000
0.00761869
0.00583692
0.01082946
0.01682923
0.01720065
0.01175365
0.00664435
0.01331524
0.01724061
0.01073295
0.00727370
11
0.00000000
0.03333334
0.13333330
0.23333330
0.26666670
0.33333330
0.40000000
0.56666670
0.70000000
0.76666670
0.80000000
-0.06227128
-0.06246348
-0.06179385
-0.06043620
-0.06033154
-0.06162474
-0.06238277
-0.06130629
-0.06032013
-0.06181068
-0.06231252
11
0.00000000
0.03333334
0.13333330
0.23333330
0.26666670
0.33333330
0.40000000
0.56666670
0.70000000
0.76666670
0.80000000
-0.08471988
-0.05628143
-0.13604310
-0.23221960
-0.23818550
-0.15083450
-0.06916487
-0.17584650
-0.23882750
-0.13449890
-0.07921126
11
0.00000000
0.03333334
0.13333330
0.23333330
0.26666670
0.33333330
0.40000000
0.56666670
0.70000000
0.76666670
0.80000000
0.99442790
0.99644200
0.98871460
0.97063810
0.96919140
0.98656640
0.99563070
0.98241660
0.96903340
0.98892580
0.99488190
2
0.00000000
0.80000000
1.00000000
1.00000000
2
0.00000000
0.80000000
1.00000000
1.00000000
2
0.00000000
0.80000000
1.00000000
1.00000000
J_L_SusoBack_00
2
0.00000000
0.80000000
0.00000000
0.00000000
2
0.00000000
0.80000000
0.00000000
0.00000000
2
0.00000000
0.80000000
0.00000000
0.00000000
3
0.00000000
0.23333330
0.80000000
-0.00000509
0.00021888
0.00030496
3
0.00000000
0.23333330
0.80000000
0.04489687
0.04489633
0.04489584
3
0.00000000
0.23333330
0.80000000
-0.09521786
-0.09025587
-0.08834813
3
0.00000000
0.23333330
0.80000000
0.99444350
0.99490610
0.99507730
2
0.00000000
0.80000000
1.00000000
1.00000000
2
0.00000000
0.80000000
1.00000000
1.00000000
2
0.00000000
0.80000000
1.00000000
1.00000000
J_R_Skirt_00
2
0.00000000
0.80000000
-0.06847220
-0.06847220
2
0.00000000
0.80000000
0.07501754
0.07501754
2
0.00000000
0.80000000
-0.05734446
-0.05734446
8
0.00000000
0.10000000
0.23333330
0.36666670
0.43333340
0.50000000
0.60000000
0.80000000
-0.16057680
-0.23199160
-0.23127040
-0.16774830
-0.21438230
-0.29850350
-0.24636210
-0.11165780
8
0.00000000
0.10000000
0.23333330
0.36666670
0.43333340
0.50000000
0.60000000
0.80000000
0.98612100
0.97180210
0.97197400
0.98492640
0.97583790
0.95347540
0.96825890
0.99285050
8
0.00000000
0.10000000
0.23333330
0.36666670
0.43333340
0.50000000
0.60000000
0.80000000
0.00678171
0.00979785
0.00976742
0.00708471
0.00905418
0.01260694
0.01040481
0.00471578
8
0.00000000
0.10000000
0.23333330
0.36666670
0.43333340
0.50000000
0.60000000
0.80000000
-0.04164760
-0.04104282
-0.04105015
-0.04159709
-0.04121334
-0.04026880
-0.04089315
-0.04193173
2
0.00000000
0.80000000
1.00000000
1.00000000
2
0.00000000
0.80000000
1.00000000
1.00000000
2
0.00000000
0.80000000
1.00000000
1.00000000
J_R_Skirt_01
2
0.00000000
0.80000000
-0.14191030
-0.14191030
2
0.00000000
0.80000000
0.00000000
0.00000000
2
0.00000000
0.80000000
0.00000000
0.00000000
10
0.00000000
0.03333334
0.16666670
0.26666670
0.33333330
0.40000000
0.56666670
0.70000000
0.76666670
0.80000000
0.00264141
0.00182943
0.00592141
0.00807648
0.00509810
0.00231375
0.00595089
0.00809837
0.00454115
0.00265624
10
0.00000000
0.03333334
0.16666670
0.26666670
0.33333330
0.40000000
0.56666670
0.70000000
0.76666670
0.80000000
-0.03391813
-0.03397161
-0.03350155
-0.03304826
-0.03363668
-0.03394206
-0.03349633
-0.03304290
-0.03371639
-0.03391698
10
0.00000000
0.03333334
0.16666670
0.26666670
0.33333330
0.40000000
0.56666670
0.70000000
0.76666670
0.80000000
-0.12163460
-0.09787434
-0.21735400
-0.28001140
-0.19336730
-0.11204960
-0.21821240
-0.28064690
-0.17712560
-0.12206840
10
0.00000000
0.03333334
0.16666670
0.26666670
0.33333330
0.40000000
0.56666670
0.70000000
0.76666670
0.80000000
0.99199180
0.99461710
0.97549980
0.95939370
0.98053640
0.99312010
0.97530810
0.95920800
0.98360010
0.99193850
2
0.00000000
0.80000000
1.00000000
1.00000000
2
0.00000000
0.80000000
1.00000000
1.00000000
2
0.00000000
0.80000000
1.00000000
1.00000000
J_R_SusoFront_00
2
0.00000000
0.80000000
0.00000000
0.00000000
2
0.00000000
0.80000000
0.00000000
0.00000000
2
0.00000000
0.80000000
0.00000000
0.00000000
3
0.00000000
0.23333330
0.80000000
-0.00065749
-0.00061368
-0.00059961
3
0.00000000
0.23333330
0.80000000
0.00732380
0.00732835
0.00732951
3
0.00000000
0.23333330
0.80000000
-0.13242350
-0.12747750
-0.12557560
3
0.00000000
0.23333330
0.80000000
0.99116600
0.99181420
0.99205680
2
0.00000000
0.80000000
0.99999950
0.99999950
2
0.00000000
0.80000000
0.99999950
0.99999950
2
0.00000000
0.80000000
0.99999960
0.99999960
J_R_SkirtBack_00
2
0.00000000
0.80000000
-0.07197127
-0.07197127
2
0.00000000
0.80000000
-0.04127112
-0.04127112
2
0.00000000
0.80000000
-0.05366487
-0.05366487
7
0.00000000
0.20000000
0.33333330
0.43333340
0.60000000
0.76666670
0.80000000
0.00160180
-0.00392581
0.00209203
0.00209203
-0.00419544
0.00182365
0.00316305
7
0.00000000
0.20000000
0.33333330
0.43333340
0.60000000
0.76666670
0.80000000
0.05172423
0.05159990
0.05170672
0.05170672
0.05157867
0.05171688
0.05165226
7
0.00000000
0.20000000
0.33333330
0.43333340
0.60000000
0.76666670
0.80000000
-0.21504240
-0.31786270
-0.20578840
-0.20578840
-0.32280640
-0.21085730
-0.18549410
7
0.00000000
0.20000000
0.33333330
0.43333340
0.60000000
0.76666670
0.80000000
0.97523270
0.94672350
0.97722730
0.97722730
0.94504920
0.97614620
0.98128180
2
0.00000000
0.80000000
1.00000000
1.00000000
2
0.00000000
0.80000000
1.00000000
1.00000000
2
0.00000000
0.80000000
1.00000000
1.00000000
J_R_SkirtBack_01
2
0.00000000
0.80000000
0.14993040
0.14993040
2
0.00000000
0.80000000
0.00000000
0.00000000
2
0.00000000
0.80000000
-0.00000001
-0.00000001
11
0.00000000
0.03333334
0.13333330
0.23333330
0.26666670
0.33333330
0.40000000
0.56666670
0.70000000
0.76666670
0.80000000
0.01782084
0.01613460
0.02083743
0.02639605
0.02673670
0.02170040
0.01689982
0.02315304
0.02677332
0.02074717
0.01749503
11
0.00000000
0.03333334
0.13333330
0.23333330
0.26666670
0.33333330
0.40000000
0.56666670
0.70000000
0.76666670
0.80000000
-0.05878111
-0.05926615
-0.05778065
-0.05546215
-0.05529875
-0.05746211
-0.05905250
-0.05689234
-0.05528102
-0.05781312
-0.05887891
11
0.00000000
0.03333334
0.13333330
0.23333330
0.26666670
0.33333330
0.40000000
0.56666670
0.70000000
0.76666670
0.80000000
-0.08406599
-0.05562387
-0.13539720
-0.23159360
-0.23756090
-0.15019120
-0.06850891
-0.17520800
-0.23820300
-0.13385270
-0.07855661
11
0.00000000
0.03333334
0.13333330
0.23333330
0.26666670
0.33333330
0.40000000
0.56666670
0.70000000
0.76666670
0.80000000
0.99456530
0.99656070
0.98888560
0.97087160
0.96942870
0.98674710
0.99575790
0.98261350
0.96927110
0.98909590
0.99501560
2
0.00000000
0.80000000
1.00000000
1.00000000
2
0.00000000
0.80000000
1.00000000
1.00000000
2
0.00000000
0.80000000
1.00000000
1.00000000
J_R_SusoBack_00
2
0.00000000
0.80000000
0.00000000
0.00000000
2
0.00000000
0.80000000
0.00000000
0.00000000
2
0.00000000
0.80000000
0.00000000
0.00000000
3
0.00000000
0.23333330
0.80000000
-0.00000509
0.00021888
0.00030496
3
0.00000000
0.23333330
0.80000000
0.04489688
0.04489635
0.04489585
3
0.00000000
0.23333330
0.80000000
-0.09521786
-0.09025587
-0.08834813
3
0.00000000
0.23333330
0.80000000
0.99444350
0.99490610
0.99507730
2
0.00000000
0.80000000
1.00000000
1.00000000
2
0.00000000
0.80000000
1.00000000
1.00000000
2
0.00000000
0.80000000
1.00000000
1.00000000
