85 MTH_DEF
1
0.00000000
1.28945800
1
0.00000000
-0.16327990
1
0.00000000
-0.01346737
1
0.00000000
-0.47192220
1
0.00000000
0.54678040
1
0.00000000
0.45703630
1
0.00000000
0.51907460
1
0.00000000
1.00000100
1
0.00000000
1.00000100
1
0.00000000
1.00000100
EYE_DEF
1
0.00000000
1.28945800
1
0.00000000
-0.16327990
1
0.00000000
-0.01346737
1
0.00000000
-0.47192220
1
0.00000000
0.54678040
1
0.00000000
0.45703630
1
0.00000000
0.51907460
1
0.00000000
1.00000100
1
0.00000000
1.00000100
1
0.00000000
1.00000100
EL_DEF
1
0.00000000
0.00000000
1
0.00000000
0.00000000
1
0.00000000
0.00000000
1
0.00000000
0.00000000
1
0.00000000
0.00000000
1
0.00000000
0.00000000
1
0.00000000
1.00000000
1
0.00000000
1.00000000
1
0.00000000
1.00000000
1
0.00000000
1.00000000
BLW_DEF
1
0.00000000
1.28945800
1
0.00000000
-0.16327990
1
0.00000000
-0.01346737
1
0.00000000
-0.47192220
1
0.00000000
0.54678040
1
0.00000000
0.45703630
1
0.00000000
0.51907460
1
0.00000000
1.00000100
1
0.00000000
1.00000100
1
0.00000000
1.00000100
Character1_Hips
17
0.00000000
0.20000000
0.26666670
0.36666670
0.40000000
0.46666670
0.66666660
1.13333300
2.10000000
3.10000000
3.30000000
3.36666700
3.46666700
3.53333300
3.66666700
3.80000000
3.86666700
-0.04226470
-0.02193946
-0.01645257
-0.00810624
-0.00529344
0.00001288
0.00866401
0.00866563
0.00865554
0.00866339
0.00866376
0.00806114
0.00031703
-0.00813591
-0.02711697
-0.04089497
-0.04303310
17
0.00000000
0.20000000
0.26666670
0.36666670
0.40000000
0.46666670
0.66666660
1.13333300
2.10000000
3.10000000
3.30000000
3.36666700
3.46666700
3.53333300
3.66666700
3.80000000
3.86666700
0.86358530
0.85888560
0.85336420
0.83902800
0.83328810
0.82153620
0.80004670
0.81242600
0.79098650
0.81767150
0.82785480
0.83173810
0.83948620
0.84529850
0.85602710
0.86267370
0.86362730
17
0.00000000
0.20000000
0.26666670
0.36666670
0.40000000
0.46666670
0.66666660
1.13333300
2.10000000
3.10000000
3.30000000
3.36666700
3.46666700
3.53333300
3.66666700
3.80000000
3.86666700
0.05770580
0.05838341
0.05565582
0.01379729
-0.00730500
-0.05352874
-0.14374730
-0.14375460
-0.14374930
-0.14361460
-0.13997690
-0.13499860
-0.10437640
-0.07278997
-0.00220709
0.04960607
0.05770285
7
0.00000000
0.30000000
0.66666670
1.60000000
3.23333400
3.50000000
3.86666700
-0.52547190
-0.52065370
-0.56779660
-0.56779760
-0.56779700
-0.55999230
-0.52590040
7
0.00000000
0.30000000
0.66666670
1.60000000
3.23333400
3.50000000
3.86666700
0.53809400
0.50516130
0.43209100
0.43208960
0.43209050
0.45710580
0.53879620
7
0.00000000
0.30000000
0.66666670
1.60000000
3.23333400
3.50000000
3.86666700
0.46031480
0.48921980
0.55554320
0.55554460
0.55554370
0.53370860
0.45976980
7
0.00000000
0.30000000
0.66666670
1.60000000
3.23333400
3.50000000
3.86666700
-0.47164010
-0.48414440
-0.42693810
-0.42693640
-0.42693740
-0.43888260
-0.47089200
2
0.00000000
3.86666700
0.99999940
0.99999940
2
0.00000000
3.86666700
0.99999930
0.99999930
2
0.00000000
3.86666700
0.99999960
0.99999960
Character1_LeftUpLeg
1
0.00000000
0.06031916
1
0.00000000
0.00207883
1
0.00000000
0.07298301
11
0.00000000
0.23333330
0.40000000
0.66666670
1.03333300
1.93333400
3.06666700
3.33333300
3.70000000
3.83333300
3.86666700
0.06194754
0.01968071
-0.16564610
-0.37482490
-0.35050660
-0.39208600
-0.34608360
-0.31549080
-0.05900893
0.05382651
0.06179556
11
0.00000000
0.23333330
0.40000000
0.66666670
1.03333300
1.93333400
3.06666700
3.33333300
3.70000000
3.83333300
3.86666700
0.99186370
0.99301690
0.97861290
0.91444370
0.92417490
0.90704110
0.92585950
0.93688760
0.99171100
0.99234680
0.99188870
11
0.00000000
0.23333330
0.40000000
0.66666670
1.03333300
1.93333400
3.06666700
3.33333300
3.70000000
3.83333300
3.86666700
-0.11020760
-0.11313400
-0.11363760
-0.13289920
-0.13079150
-0.13456630
-0.13045290
-0.12803950
-0.11123070
-0.11015830
-0.11014270
11
0.00000000
0.23333330
0.40000000
0.66666670
1.03333300
1.93333400
3.06666700
3.33333300
3.70000000
3.83333300
3.86666700
0.01494107
0.02703313
0.04432472
0.07507836
0.07706798
0.07373664
0.07741112
0.07945523
0.02559427
0.01468501
0.01437778
2
0.00000000
3.86666700
1.00000000
1.00000000
2
0.00000000
3.86666700
1.00000000
1.00000000
2
0.00000000
3.86666700
1.00000000
1.00000000
Character1_LeftLeg
1
0.00000000
-0.35179780
1
0.00000000
-0.00801095
1
0.00000000
0.00514626
11
0.00000000
0.23333330
0.36666670
0.63333330
1.03333300
1.86666700
3.03333400
3.46666700
3.73333400
3.83333300
3.86666700
-0.14997240
-0.17049380
-0.15174940
-0.10629150
-0.10889610
-0.10358610
-0.10916200
-0.11683000
-0.14217860
-0.14875020
-0.14922510
11
0.00000000
0.23333330
0.36666670
0.63333330
1.03333300
1.86666700
3.03333400
3.46666700
3.73333400
3.83333300
3.86666700
-0.00117294
-0.01510119
-0.03125451
-0.04146482
-0.03624261
-0.04524726
-0.03581901
-0.02400666
-0.01080216
-0.00234609
-0.00115684
11
0.00000000
0.23333330
0.36666670
0.63333330
1.03333300
1.86666700
3.03333400
3.46666700
3.73333400
3.83333300
3.86666700
0.05215537
0.12743270
0.28166180
0.41011420
0.36557400
0.44360170
0.36154470
0.27947100
0.14544040
0.06220250
0.05222144
11
0.00000000
0.23333330
0.36666670
0.63333330
1.03333300
1.86666700
3.03333400
3.46666700
3.73333400
3.83333300
3.86666700
0.98731290
0.97696710
0.94692240
0.90486970
0.92367950
0.88906700
0.92524920
0.95271740
0.97903810
0.98691370
0.98742260
2
0.00000000
3.86666700
0.99999950
0.99999950
2
0.00000000
3.86666700
0.99999950
0.99999950
2
0.00000000
3.86666700
0.99999940
0.99999940
Character1_LeftFoot
1
0.00000000
-0.37866630
1
0.00000000
0.00382815
1
0.00000000
-0.00377702
9
0.00000000
0.26666670
0.46666670
0.70000000
1.10000000
1.96666700
3.30000000
3.76666700
3.86666700
-0.01329286
-0.03356353
-0.01424865
0.00297515
0.00266251
0.00263860
0.00266135
-0.01082395
-0.01266926
9
0.00000000
0.26666670
0.46666670
0.70000000
1.10000000
1.96666700
3.30000000
3.76666700
3.86666700
0.05142130
0.08395517
0.10727900
0.12016040
0.11413140
0.12495920
0.10643170
0.05933654
0.05102954
9
0.00000000
0.26666670
0.46666670
0.70000000
1.10000000
1.96666700
3.30000000
3.76666700
3.86666700
-0.33051460
-0.37572340
-0.40415250
-0.37210120
-0.35326360
-0.38675670
-0.33075470
-0.34818000
-0.33053130
9
0.00000000
0.26666670
0.46666670
0.70000000
1.10000000
1.96666700
3.30000000
3.76666700
3.86666700
0.94230530
0.92231070
0.90826700
0.92037670
0.92853210
0.91367260
0.93769220
0.93548530
0.94232930
2
0.00000000
3.86666700
0.99999990
0.99999990
2
0.00000000
3.86666700
0.99999960
0.99999960
2
0.00000000
3.86666700
1.00000000
1.00000000
Character1_LeftToeBase
1
0.00000000
-0.08429568
1
0.00000000
0.04771042
1
0.00000000
-0.00392169
2
0.00000000
3.86666700
-0.02381142
-0.02381142
2
0.00000000
3.86666700
0.01439191
0.01439191
2
0.00000000
3.86666700
-0.51871630
-0.51871630
2
0.00000000
3.86666700
0.85449360
0.85449360
2
0.00000000
3.86666700
1.00000000
1.00000000
2
0.00000000
3.86666700
0.99999980
0.99999980
2
0.00000000
3.86666700
1.00000000
1.00000000
Character1_RightUpLeg
1
0.00000000
0.06083579
1
0.00000000
0.00207879
1
0.00000000
-0.07255261
11
0.00000000
0.23333330
0.40000000
0.66666670
1.03333300
1.86666700
3.03333400
3.40000000
3.70000000
3.83333300
3.86666700
0.02000768
-0.05676564
-0.23652740
-0.42740670
-0.39423100
-0.44975800
-0.39117960
-0.32562350
-0.09893896
0.01376996
0.02147214
11
0.00000000
0.23333330
0.40000000
0.66666670
1.03333300
1.86666700
3.03333400
3.40000000
3.70000000
3.83333300
3.86666700
0.99610730
0.99612530
0.96883940
0.89957180
0.91461560
0.88856740
0.91592600
0.94120630
0.99103620
0.99613700
0.99601910
11
0.00000000
0.23333330
0.40000000
0.66666670
1.03333300
1.86666700
3.03333400
3.40000000
3.70000000
3.83333300
3.86666700
0.00193330
0.00261291
0.01041968
0.02047295
0.01874614
0.02164258
0.01860271
0.01513392
0.00554624
0.00216449
0.00192140
11
0.00000000
0.23333330
0.40000000
0.66666670
1.03333300
1.86666700
3.03333400
3.40000000
3.70000000
3.83333300
3.86666700
-0.08582594
-0.06712025
-0.07277694
-0.08760620
-0.08779936
-0.08773488
-0.08781756
-0.08871888
-0.08959671
-0.08669917
-0.08649450
2
0.00000000
3.86666700
1.00000000
1.00000000
2
0.00000000
3.86666700
1.00000000
1.00000000
2
0.00000000
3.86666700
1.00000000
1.00000000
Character1_RightLeg
1
0.00000000
-0.35136370
1
0.00000000
-0.00801128
1
0.00000000
-0.01823371
12
0.00000000
0.03333334
0.30000000
0.50000000
0.66666670
1.03333300
1.73333300
2.60000000
3.30000000
3.43333400
3.70000000
3.86666700
0.00446717
0.00179263
-0.02359065
-0.02493351
-0.02355705
-0.02117266
-0.02506290
-0.02316963
-0.01837195
-0.01656151
-0.00407155
0.00479244
12
0.00000000
0.03333334
0.30000000
0.50000000
0.66666670
1.03333300
1.73333300
2.60000000
3.30000000
3.43333400
3.70000000
3.86666700
-0.00567299
-0.00510318
-0.01012033
-0.01313864
-0.00992772
-0.00977489
-0.01028254
-0.00991804
-0.00980904
-0.00956646
-0.00668294
-0.00502936
12
0.00000000
0.03333334
0.30000000
0.50000000
0.66666670
1.03333300
1.73333300
2.60000000
3.30000000
3.43333400
3.70000000
3.86666700
0.05176980
0.05398384
0.22438320
0.33694510
0.32522190
0.26297840
0.36283550
0.31507870
0.18552250
0.16805570
0.14421240
0.04577110
12
0.00000000
0.03333334
0.30000000
0.50000000
0.66666670
1.03333300
1.73333300
2.60000000
3.30000000
3.43333400
3.70000000
3.86666700
0.99871170
0.99852720
0.97416280
0.94110240
0.94529220
0.96451990
0.93145940
0.94873090
0.98241930
0.98559190
0.98951580
0.99892780
2
0.00000000
3.86666700
1.00000000
1.00000000
2
0.00000000
3.86666700
1.00000000
1.00000000
2
0.00000000
3.86666700
1.00000000
1.00000000
Character1_RightFoot
1
0.00000000
-0.37854540
1
0.00000000
0.00382444
1
0.00000000
-0.01031455
10
0.00000000
0.26666670
0.50000000
0.66666670
1.13333300
1.96666700
3.06666700
3.33333300
3.66666700
3.86666700
0.02090136
-0.00032040
-0.00503598
-0.00391998
-0.00325828
-0.00436753
-0.00299556
-0.00199136
0.01238777
0.02154772
10
0.00000000
0.26666670
0.50000000
0.66666670
1.13333300
1.96666700
3.06666700
3.33333300
3.66666700
3.86666700
-0.07870729
-0.06205383
-0.05866015
-0.06286584
-0.06228001
-0.06336233
-0.06211656
-0.06119993
-0.07395033
-0.07910609
10
0.00000000
0.26666670
0.50000000
0.66666670
1.13333300
1.96666700
3.06666700
3.33333300
3.66666700
3.86666700
-0.28943990
-0.34807050
-0.32615590
-0.27380080
-0.24961290
-0.29115380
-0.24068970
-0.20939730
-0.30048350
-0.28867080
10
0.00000000
0.26666670
0.50000000
0.66666670
1.13333300
1.96666700
3.06666700
3.33333300
3.66666700
3.86666700
0.95372580
0.93541230
0.94348080
0.95972170
0.96633540
0.95456560
0.96860780
0.97591160
0.95083520
0.95391150
2
0.00000000
3.86666700
0.99999970
0.99999970
2
0.00000000
3.86666700
0.99999950
0.99999950
2
0.00000000
3.86666700
0.99999980
0.99999980
Character1_RightToeBase
1
0.00000000
-0.08439235
1
0.00000000
0.04766033
1
0.00000000
0.00202567
2
0.00000000
3.86666700
-0.00003086
-0.00003086
2
0.00000000
3.86666700
-0.00005088
-0.00005088
2
0.00000000
3.86666700
-0.51891710
-0.51891710
2
0.00000000
3.86666700
0.85482460
0.85482460
2
0.00000000
3.86666700
1.00000000
1.00000000
2
0.00000000
3.86666700
0.99999980
0.99999980
2
0.00000000
3.86666700
0.99999990
0.99999990
Character1_Spine
1
0.00000000
-0.02271334
1
0.00000000
0.00818150
1
0.00000000
-0.00008070
9
0.00000000
0.23333330
0.50000000
0.66666670
1.03333300
2.66666700
3.00000000
3.36666700
3.86666700
0.00007796
-0.00007556
-0.00122658
-0.00130865
-0.00148874
-0.00151541
-0.00148270
-0.00215801
0.00007509
9
0.00000000
0.23333330
0.50000000
0.66666670
1.03333300
2.66666700
3.00000000
3.36666700
3.86666700
-0.00174803
-0.00164992
-0.00505685
-0.00684311
-0.00680599
-0.00680055
-0.00680766
-0.00656094
-0.00177668
9
0.00000000
0.23333330
0.50000000
0.66666670
1.03333300
2.66666700
3.00000000
3.36666700
3.86666700
-0.04141453
-0.03712171
-0.19288820
-0.26810110
-0.24259710
-0.23882110
-0.24342160
-0.14087020
-0.04276636
9
0.00000000
0.23333330
0.50000000
0.66666670
1.03333300
2.66666700
3.00000000
3.36666700
3.86666700
0.99913710
0.99930940
0.98120700
0.96336560
0.97010210
0.97103860
0.96989550
0.99000400
0.99908350
2
0.00000000
3.86666700
1.00000000
1.00000000
2
0.00000000
3.86666700
1.00000000
1.00000000
2
0.00000000
3.86666700
1.00000000
1.00000000
Character1_Spine1
1
0.00000000
-0.09134354
1
0.00000000
0.00175515
1
0.00000000
-0.00000001
7
0.00000000
0.36666670
0.66666670
1.03333300
2.66666700
3.53333400
3.86666700
-0.01244507
-0.01305592
-0.01313054
-0.01329941
-0.01322653
-0.01329817
-0.01244195
7
0.00000000
0.36666670
0.66666670
1.03333300
2.66666700
3.53333400
3.86666700
-0.00127309
-0.00242380
-0.00679968
-0.00646300
-0.00661011
-0.00433486
-0.00127916
7
0.00000000
0.36666670
0.66666670
1.03333300
2.66666700
3.53333400
3.86666700
0.08182388
0.05843069
-0.05901540
-0.03355312
-0.04469026
0.03776584
0.08133978
7
0.00000000
0.36666670
0.66666670
1.03333300
2.66666700
3.53333400
3.86666700
0.99656830
0.99820320
0.99814750
0.99932750
0.99889150
0.99918870
0.99660800
2
0.00000000
3.86666700
1.00000000
1.00000000
2
0.00000000
3.86666700
1.00000000
1.00000000
2
0.00000000
3.86666700
1.00000000
1.00000000
Character1_Spine2
1
0.00000000
-0.08766678
1
0.00000000
-0.00030447
1
0.00000000
-0.00000002
8
0.00000000
0.03333334
0.36666670
0.66666670
1.10000000
2.73333400
3.53333400
3.86666700
-0.00889647
-0.00872286
-0.00920537
-0.01018178
-0.01035202
-0.01023132
-0.01032786
-0.00870659
8
0.00000000
0.03333334
0.36666670
0.66666670
1.10000000
2.73333400
3.53333400
3.86666700
-0.01326926
-0.01198351
-0.01248132
-0.01422000
-0.01427849
-0.01423700
-0.01365624
-0.01197339
8
0.00000000
0.03333334
0.36666670
0.66666670
1.10000000
2.73333400
3.53333400
3.86666700
0.11849010
0.12334660
0.10150630
-0.00640833
0.00649379
-0.00268058
0.07809621
0.12159330
8
0.00000000
0.03333334
0.36666670
0.66666670
1.10000000
2.73333400
3.53333400
3.86666700
0.99289420
0.99225290
0.99471400
0.99982650
0.99982340
0.99984280
0.99679880
0.99246960
2
0.00000000
3.86666700
0.99999970
0.99999970
2
0.00000000
3.86666700
0.99999970
0.99999970
2
0.00000000
3.86666700
1.00000000
1.00000000
Character1_LeftShoulder
1
0.00000000
-0.12236680
1
0.00000000
-0.00139498
1
0.00000000
0.04222679
9
0.00000000
0.03333334
0.26666670
0.56666670
0.86666670
2.50000000
3.33333300
3.73333400
3.86666700
0.11877540
0.11849480
0.11703600
0.03700343
0.02311629
0.02311601
0.02311582
0.10476070
0.11849440
9
0.00000000
0.03333334
0.26666670
0.56666670
0.86666670
2.50000000
3.33333300
3.73333400
3.86666700
0.71611400
0.71426530
0.71531870
0.76087770
0.76672830
0.76672850
0.76672860
0.72382190
0.71426550
9
0.00000000
0.03333334
0.26666670
0.56666670
0.86666670
2.50000000
3.33333300
3.73333400
3.86666700
-0.10321400
-0.10352840
-0.10525020
-0.18603330
-0.19776060
-0.19776020
-0.19775970
-0.11933890
-0.10352830
9
0.00000000
0.03333334
0.26666670
0.56666670
0.86666670
2.50000000
3.33333300
3.73333400
3.86666700
0.68006220
0.68195740
0.68084070
0.62055410
0.61031480
0.61031470
0.61031470
0.67146500
0.68195730
2
0.00000000
3.86666700
0.99999990
0.99999990
2
0.00000000
3.86666700
1.00000000
1.00000000
2
0.00000000
3.86666700
1.00000000
1.00000000
Character1_LeftArm
1
0.00000000
-0.05543689
1
0.00000000
-0.00000005
1
0.00000000
0.00000092
13
0.00000000
0.13333330
0.23333330
0.43333340
0.63333330
0.80000000
1.03333300
2.16666700
2.96666700
3.13333300
3.33333300
3.66666700
3.86666700
0.18766210
0.27258540
0.31336260
0.18434660
-0.00625164
-0.04586131
-0.04194809
-0.02594149
-0.04272411
-0.00580240
0.08234128
0.15972680
0.18222020
13
0.00000000
0.13333330
0.23333330
0.43333340
0.63333330
0.80000000
1.03333300
2.16666700
2.96666700
3.13333300
3.33333300
3.66666700
3.86666700
0.56192080
0.44808690
0.38570270
0.37800980
0.39070760
0.39185630
0.41018690
0.40109830
0.41076060
0.42257460
0.45419260
0.54182150
0.56911620
13
0.00000000
0.13333330
0.23333330
0.43333340
0.63333330
0.80000000
1.03333300
2.16666700
2.96666700
3.13333300
3.33333300
3.66666700
3.86666700
0.07645004
0.04738233
0.03000849
-0.08037258
-0.23995920
-0.30643630
-0.33812900
-0.28688950
-0.33788530
-0.29295690
-0.16082920
0.02769596
0.07902929
13
0.00000000
0.13333330
0.23333330
0.43333340
0.63333330
0.80000000
1.03333300
2.16666700
2.96666700
3.13333300
3.33333300
3.66666700
3.86666700
0.80198720
0.85010020
0.86725830
0.90369530
0.88866650
0.86628070
0.84596450
0.86956410
0.84574460
0.85765560
0.87238920
0.82471190
0.79790790
2
0.00000000
3.86666700
0.99999970
0.99999970
2
0.00000000
3.86666700
0.99999990
0.99999990
2
0.00000000
3.86666700
0.99999980
0.99999980
Character1_LeftForeArm
1
0.00000000
-0.23377720
1
0.00000000
0.00001719
1
0.00000000
0.00001175
15
0.00000000
0.16666670
0.36666670
0.63333330
0.73333330
0.86666670
1.00000000
1.23333300
1.86666700
2.70000000
3.00000000
3.20000000
3.36666700
3.73333400
3.86666700
-0.11363110
-0.11336080
-0.10859790
-0.10176850
-0.10212170
-0.10690400
-0.11020130
-0.10962630
-0.10487380
-0.10939170
-0.11020130
-0.10644780
-0.10415450
-0.11173590
-0.11338370
15
0.00000000
0.16666670
0.36666670
0.63333330
0.73333330
0.86666670
1.00000000
1.23333300
1.86666700
2.70000000
3.00000000
3.20000000
3.36666700
3.73333400
3.86666700
-0.00264442
0.00745032
0.02249368
0.04239014
0.03954333
0.02452095
0.01557958
0.01807903
0.03456530
0.02028220
0.01557958
0.02981414
0.03623407
0.00321718
-0.00312764
15
0.00000000
0.16666670
0.36666670
0.63333330
0.73333330
0.86666670
1.00000000
1.23333300
1.86666700
2.70000000
3.00000000
3.20000000
3.36666700
3.73333400
3.86666700
-0.18438440
-0.32871600
-0.38673790
-0.39525090
-0.36249230
-0.23919150
-0.14040120
-0.16587410
-0.31380540
-0.18047750
-0.14040120
-0.26775100
-0.33351590
-0.20223440
-0.17710830
15
0.00000000
0.16666670
0.36666670
0.63333330
0.73333330
0.86666670
1.00000000
1.23333300
1.86666700
2.70000000
3.00000000
3.20000000
3.36666700
3.73333400
3.86666700
0.97625990
0.93757120
0.91549680
0.91193370
0.92553060
0.96475780
0.98381930
0.97986790
0.94304450
0.97726660
0.98381930
0.95712560
0.93627240
0.97293680
0.97763340
2
0.00000000
3.86666700
1.00000000
1.00000000
2
0.00000000
3.86666700
0.99999990
0.99999990
2
0.00000000
3.86666700
1.00000000
1.00000000
Character1_LeftHand
1
0.00000000
-0.16248190
1
0.00000000
-0.00000064
1
0.00000000
0.00000025
11
0.00000000
0.23333330
0.46666670
0.66666670
0.96666660
1.53333300
2.30000000
3.10000000
3.33333300
3.63333300
3.86666700
-0.08229422
-0.08104279
0.08902839
0.23099550
0.23670760
0.27970700
0.29005020
0.23730670
0.23662720
0.04836715
-0.08229694
11
0.00000000
0.23333330
0.46666670
0.66666670
0.96666660
1.53333300
2.30000000
3.10000000
3.33333300
3.63333300
3.86666700
-0.14312010
-0.14302150
-0.14524250
-0.14215540
-0.12081710
-0.15229030
-0.16390030
-0.12044050
-0.12064380
-0.13085400
-0.14311950
11
0.00000000
0.23333330
0.46666670
0.66666670
0.96666660
1.53333300
2.30000000
3.10000000
3.33333300
3.63333300
3.86666700
-0.06688479
-0.06710713
-0.05676214
-0.05561548
-0.09761050
-0.09893456
-0.09428703
-0.09941373
-0.09931245
-0.07742307
-0.06688529
11
0.00000000
0.23333330
0.46666670
0.66666670
0.96666660
1.53333300
2.30000000
3.10000000
3.33333300
3.63333300
3.86666700
0.98400750
0.98411050
0.98374620
0.96090570
0.95908550
0.94275330
0.93814580
0.95879950
0.95895240
0.98718970
0.98400730
2
0.00000000
3.86666700
1.00000000
1.00000000
2
0.00000000
3.86666700
1.00000000
1.00000000
2
0.00000000
3.86666700
1.00000000
1.00000000
Character1_LeftHandThumb1
1
0.00000000
-0.02476070
1
0.00000000
0.01826633
1
0.00000000
0.01423601
4
0.00000000
1.63333300
3.26666700
3.86666700
0.81820230
0.81820250
0.81820240
0.81820230
4
0.00000000
1.63333300
3.26666700
3.86666700
-0.15433470
-0.15433480
-0.15433510
-0.15433430
4
0.00000000
1.63333300
3.26666700
3.86666700
-0.28779540
-0.28779530
-0.28779580
-0.28779540
4
0.00000000
1.63333300
3.26666700
3.86666700
0.47318040
0.47318000
0.47317970
0.47318050
2
0.00000000
3.86666700
0.99999960
0.99999960
2
0.00000000
3.86666700
0.99999990
0.99999990
2
0.00000000
3.86666700
1.00000000
1.00000000
Character1_LeftHandThumb2
1
0.00000000
-0.03214544
1
0.00000000
0.00198593
1
0.00000000
0.00152295
4
0.00000000
1.63333300
3.26666700
3.86666700
-0.00077462
-0.00077387
-0.00077460
-0.00077462
4
0.00000000
1.63333300
3.26666700
3.86666700
0.16337280
0.16337220
0.16337300
0.16337280
4
0.00000000
1.63333300
3.26666700
3.86666700
-0.09087990
-0.09088042
-0.09088090
-0.09087965
4
0.00000000
1.63333300
3.26666700
3.86666700
0.98236940
0.98236940
0.98236920
0.98236940
2
0.00000000
3.86666700
0.99999990
0.99999990
2
0.00000000
3.86666700
1.00000000
1.00000000
2
0.00000000
3.86666700
0.99999980
0.99999980
Character1_LeftHandThumb3
1
0.00000000
-0.01756597
1
0.00000000
-0.00100338
1
0.00000000
0.00008474
4
0.00000000
1.63333300
3.26666700
3.86666700
-0.01560852
-0.01560820
-0.01560880
-0.01560814
4
0.00000000
1.63333300
3.26666700
3.86666700
0.21748910
0.21748900
0.21748980
0.21748920
4
0.00000000
1.63333300
3.26666700
3.86666700
-0.01221680
-0.01221740
-0.01221727
-0.01221686
4
0.00000000
1.63333300
3.26666700
3.86666700
0.97586150
0.97586150
0.97586130
0.97586140
2
0.00000000
3.86666700
0.99999990
0.99999990
2
0.00000000
3.86666700
1.00000000
1.00000000
2
0.00000000
3.86666700
1.00000000
1.00000000
Character1_LeftHandThumb4
1
0.00000000
-0.02630421
1
0.00000000
-0.00114385
1
0.00000000
-0.00057086
2
0.00000000
3.86666700
-0.02557532
-0.02557532
2
0.00000000
3.86666700
-0.01064174
-0.01064174
2
0.00000000
3.86666700
0.02615063
0.02615063
2
0.00000000
3.86666700
0.99927410
0.99927410
2
0.00000000
3.86666700
1.00000100
1.00000100
2
0.00000000
3.86666700
1.00000000
1.00000000
2
0.00000000
3.86666700
1.00000000
1.00000000
Character1_LeftHandIndex1
1
0.00000000
-0.08074935
1
0.00000000
0.02571336
1
0.00000000
-0.00142829
4
0.00000000
1.63333300
3.26666700
3.86666700
0.13117400
0.13117470
0.13117450
0.13117400
4
0.00000000
1.63333300
3.26666700
3.86666700
0.01083268
0.01083259
0.01083250
0.01083251
4
0.00000000
1.63333300
3.26666700
3.86666700
0.11729340
0.11729360
0.11729360
0.11729330
4
0.00000000
1.63333300
3.26666700
3.86666700
0.98433650
0.98433640
0.98433640
0.98433650
2
0.00000000
3.86666700
0.99999920
0.99999920
2
0.00000000
3.86666700
0.99999990
0.99999990
2
0.00000000
3.86666700
0.99999970
0.99999970
Character1_LeftHandIndex2
1
0.00000000
-0.02426037
1
0.00000000
0.00250706
1
0.00000000
-0.00118660
4
0.00000000
1.63333300
3.26666700
3.86666700
0.00405741
0.00405749
0.00405716
0.00405777
4
0.00000000
1.63333300
3.26666700
3.86666700
0.14955410
0.14955460
0.14955460
0.14955470
4
0.00000000
1.63333300
3.26666700
3.86666700
-0.00280326
-0.00280295
-0.00280275
-0.00280290
4
0.00000000
1.63333300
3.26666700
3.86666700
0.98874130
0.98874120
0.98874120
0.98874120
2
0.00000000
3.86666700
0.99999990
0.99999990
2
0.00000000
3.86666700
0.99999980
0.99999980
2
0.00000000
3.86666700
0.99999980
0.99999980
Character1_LeftHandIndex3
1
0.00000000
-0.01609668
1
0.00000000
0.00011821
1
0.00000000
-0.00045832
4
0.00000000
1.63333300
3.26666700
3.86666700
0.01170103
0.01170113
0.01170223
0.01170078
4
0.00000000
1.63333300
3.26666700
3.86666700
0.15083830
0.15083750
0.15083830
0.15083860
4
0.00000000
1.63333300
3.26666700
3.86666700
0.00943905
0.00943768
0.00943762
0.00943908
4
0.00000000
1.63333300
3.26666700
3.86666700
0.98844410
0.98844430
0.98844410
0.98844410
2
0.00000000
3.86666700
0.99999990
0.99999990
2
0.00000000
3.86666700
0.99999990
0.99999990
2
0.00000000
3.86666700
0.99999990
0.99999990
Character1_LeftHandIndex4
1
0.00000000
-0.02124970
1
0.00000000
0.00100698
1
0.00000000
0.00163699
2
0.00000000
3.86666700
-0.71534960
-0.71534960
2
0.00000000
3.86666700
-0.02409541
-0.02409541
2
0.00000000
3.86666700
0.02390490
0.02390490
2
0.00000000
3.86666700
0.69794190
0.69794190
2
0.00000000
3.86666700
1.00000000
1.00000000
2
0.00000000
3.86666700
0.99999950
0.99999950
2
0.00000000
3.86666700
0.99999950
0.99999950
Character1_LeftHandMiddle1
1
0.00000000
-0.08069598
1
0.00000000
0.00582164
1
0.00000000
-0.00602124
4
0.00000000
1.63333300
3.26666700
3.86666700
0.05648630
0.05648712
0.05648633
0.05648645
4
0.00000000
1.63333300
3.26666700
3.86666700
0.02714903
0.02714909
0.02714944
0.02714950
4
0.00000000
1.63333300
3.26666700
3.86666700
0.07564475
0.07564466
0.07564434
0.07564485
4
0.00000000
1.63333300
3.26666700
3.86666700
0.99516340
0.99516330
0.99516340
0.99516340
2
0.00000000
3.86666700
0.99999980
0.99999980
2
0.00000000
3.86666700
1.00000000
1.00000000
2
0.00000000
3.86666700
0.99999990
0.99999990
Character1_LeftHandMiddle2
1
0.00000000
-0.02506312
1
0.00000000
0.00148199
1
0.00000000
0.00379354
4
0.00000000
1.63333300
3.26666700
3.86666700
-0.02758189
-0.02758230
-0.02758160
-0.02758195
4
0.00000000
1.63333300
3.26666700
3.86666700
0.26789420
0.26789360
0.26789350
0.26789360
4
0.00000000
1.63333300
3.26666700
3.86666700
0.01547787
0.01547751
0.01547796
0.01547823
4
0.00000000
1.63333300
3.26666700
3.86666700
0.96292910
0.96292920
0.96292930
0.96292920
2
0.00000000
3.86666700
0.99999960
0.99999960
2
0.00000000
3.86666700
0.99999970
0.99999970
2
0.00000000
3.86666700
0.99999960
0.99999960
Character1_LeftHandMiddle3
1
0.00000000
-0.01943113
1
0.00000000
-0.00006784
1
0.00000000
0.00016170
4
0.00000000
1.63333300
3.26666700
3.86666700
-0.01820143
-0.01820061
-0.01820057
-0.01820141
4
0.00000000
1.63333300
3.26666700
3.86666700
0.22838000
0.22837980
0.22838000
0.22837960
4
0.00000000
1.63333300
3.26666700
3.86666700
0.07609152
0.07609075
0.07609062
0.07609132
4
0.00000000
1.63333300
3.26666700
3.86666700
0.97042330
0.97042350
0.97042340
0.97042340
2
0.00000000
3.86666700
0.99999960
0.99999960
2
0.00000000
3.86666700
0.99999980
0.99999980
2
0.00000000
3.86666700
0.99999980
0.99999980
Character1_LeftHandMiddle4
1
0.00000000
-0.02201366
1
0.00000000
0.00091102
1
0.00000000
0.00011726
2
0.00000000
3.86666700
-0.70595040
-0.70595040
2
0.00000000
3.86666700
0.03399268
0.03399268
2
0.00000000
3.86666700
0.00647478
0.00647478
2
0.00000000
3.86666700
0.70741550
0.70741550
2
0.00000000
3.86666700
1.00000000
1.00000000
2
0.00000000
3.86666700
0.99999970
0.99999970
2
0.00000000
3.86666700
0.99999960
0.99999960
Character1_LeftHandRing1
1
0.00000000
-0.07679258
1
0.00000000
-0.01262621
1
0.00000000
-0.00624610
4
0.00000000
1.63333300
3.26666700
3.86666700
-0.17223950
-0.17223930
-0.17223910
-0.17223970
4
0.00000000
1.63333300
3.26666700
3.86666700
0.10734420
0.10734440
0.10734400
0.10734400
4
0.00000000
1.63333300
3.26666700
3.86666700
0.06688178
0.06688169
0.06688190
0.06688198
4
0.00000000
1.63333300
3.26666700
3.86666700
0.97690210
0.97690210
0.97690210
0.97690200
2
0.00000000
3.86666700
0.99999960
0.99999960
2
0.00000000
3.86666700
1.00000000
1.00000000
2
0.00000000
3.86666700
0.99999970
0.99999970
Character1_LeftHandRing2
1
0.00000000
-0.02368266
1
0.00000000
-0.00075405
1
0.00000000
0.00109833
4
0.00000000
1.63333300
3.26666700
3.86666700
0.05300691
0.05300768
0.05300731
0.05300709
4
0.00000000
1.63333300
3.26666700
3.86666700
0.28214420
0.28214360
0.28214480
0.28214410
4
0.00000000
1.63333300
3.26666700
3.86666700
0.10002230
0.10002220
0.10002230
0.10002240
4
0.00000000
1.63333300
3.26666700
3.86666700
0.95267020
0.95267030
0.95267000
0.95267020
2
0.00000000
3.86666700
0.99999930
0.99999930
2
0.00000000
3.86666700
0.99999950
0.99999950
2
0.00000000
3.86666700
0.99999960
0.99999960
Character1_LeftHandRing3
1
0.00000000
-0.01590740
1
0.00000000
0.00016659
1
0.00000000
-0.00086092
4
0.00000000
1.63333300
3.26666700
3.86666700
-0.06283709
-0.06283686
-0.06283702
-0.06283709
4
0.00000000
1.63333300
3.26666700
3.86666700
0.17567300
0.17567330
0.17567370
0.17567310
4
0.00000000
1.63333300
3.26666700
3.86666700
0.08984017
0.08983871
0.08983874
0.08984005
4
0.00000000
1.63333300
3.26666700
3.86666700
0.97832470
0.97832480
0.97832480
0.97832470
2
0.00000000
3.86666700
0.99999970
0.99999970
2
0.00000000
3.86666700
0.99999960
0.99999960
2
0.00000000
3.86666700
0.99999960
0.99999960
Character1_LeftHandRing4
1
0.00000000
-0.02522655
1
0.00000000
-0.00011562
1
0.00000000
-0.00238417
2
0.00000000
3.86666700
0.00333163
0.00333163
2
0.00000000
3.86666700
-0.01695370
-0.01695370
2
0.00000000
3.86666700
-0.00262045
-0.00262045
2
0.00000000
3.86666700
0.99984730
0.99984730
2
0.00000000
3.86666700
1.00000000
1.00000000
2
0.00000000
3.86666700
1.00000000
1.00000000
2
0.00000000
3.86666700
1.00000000
1.00000000
Character1_LeftHandPinky1
1
0.00000000
-0.06575284
1
0.00000000
-0.02783560
1
0.00000000
-0.00228359
4
0.00000000
1.63333300
3.26666700
3.86666700
-0.15853760
-0.15853720
-0.15853750
-0.15853750
4
0.00000000
1.63333300
3.26666700
3.86666700
0.13609170
0.13609100
0.13609190
0.13609210
4
0.00000000
1.63333300
3.26666700
3.86666700
0.02809569
0.02809526
0.02809545
0.02809616
4
0.00000000
1.63333300
3.26666700
3.86666700
0.97752520
0.97752540
0.97752520
0.97752520
2
0.00000000
3.86666700
0.99999950
0.99999950
2
0.00000000
3.86666700
0.99999990
0.99999990
2
0.00000000
3.86666700
0.99999950
0.99999950
Character1_LeftHandPinky2
1
0.00000000
-0.01809678
1
0.00000000
0.00013280
1
0.00000000
-0.00001445
4
0.00000000
1.63333300
3.26666700
3.86666700
0.01681666
0.01681660
0.01681726
0.01681663
4
0.00000000
1.63333300
3.26666700
3.86666700
0.07453075
0.07453058
0.07453073
0.07453085
4
0.00000000
1.63333300
3.26666700
3.86666700
0.07136601
0.07136676
0.07136587
0.07136610
4
0.00000000
1.63333300
3.26666700
3.86666700
0.99451970
0.99451960
0.99451970
0.99451960
2
0.00000000
3.86666700
1.00000000
1.00000000
2
0.00000000
3.86666700
1.00000000
1.00000000
2
0.00000000
3.86666700
1.00000000
1.00000000
Character1_LeftHandPinky3
1
0.00000000
-0.01391071
1
0.00000000
0.00000276
1
0.00000000
0.00024778
4
0.00000000
1.63333300
3.26666700
3.86666700
-0.01648902
-0.01648801
-0.01648879
-0.01648917
4
0.00000000
1.63333300
3.26666700
3.86666700
0.28629760
0.28629760
0.28629810
0.28629780
4
0.00000000
1.63333300
3.26666700
3.86666700
0.15368470
0.15368350
0.15368360
0.15368510
4
0.00000000
1.63333300
3.26666700
3.86666700
0.94559130
0.94559150
0.94559130
0.94559120
2
0.00000000
3.86666700
1.00000000
1.00000000
2
0.00000000
3.86666700
1.00000000
1.00000000
2
0.00000000
3.86666700
1.00000000
1.00000000
Character1_LeftHandPinky4
1
0.00000000
-0.01920933
1
0.00000000
-0.00029924
1
0.00000000
-0.00002338
2
0.00000000
3.86666700
-0.04783580
-0.04783580
2
0.00000000
3.86666700
-0.00384246
-0.00384246
2
0.00000000
3.86666700
0.00305436
0.00305436
2
0.00000000
3.86666700
0.99884320
0.99884320
2
0.00000000
3.86666700
1.00000000
1.00000000
2
0.00000000
3.86666700
1.00000000
1.00000000
2
0.00000000
3.86666700
0.99999990
0.99999990
Character1_RightShoulder
1
0.00000000
-0.12245480
1
0.00000000
-0.00014977
1
0.00000000
-0.04199364
8
0.00000000
0.26666670
0.60000000
0.86666670
2.50000000
3.33333300
3.76666700
3.86666700
-0.10677910
-0.10456650
-0.02359378
-0.01795808
-0.01795764
-0.01795722
-0.09795978
-0.10604000
8
0.00000000
0.26666670
0.60000000
0.86666670
2.50000000
3.33333300
3.76666700
3.86666700
-0.69699320
-0.69732490
-0.70472680
-0.70489310
-0.70489300
-0.70489300
-0.69828390
-0.69710240
8
0.00000000
0.26666670
0.60000000
0.86666670
2.50000000
3.33333300
3.76666700
3.86666700
-0.11551340
-0.11773100
-0.19744320
-0.20288230
-0.20288220
-0.20288220
-0.12434510
-0.11625300
8
0.00000000
0.26666670
0.60000000
0.86666670
2.50000000
3.33333300
3.76666700
3.86666700
0.69961880
0.69924480
0.68104310
0.67944250
0.67944260
0.67944260
0.69809880
0.69949200
2
0.00000000
3.86666700
1.00000000
1.00000000
2
0.00000000
3.86666700
1.00000000
1.00000000
2
0.00000000
3.86666700
1.00000000
1.00000000
Character1_RightArm
1
0.00000000
-0.05543732
1
0.00000000
-0.00000005
1
0.00000000
-0.00000100
14
0.00000000
0.13333330
0.23333330
0.40000000
0.56666670
0.73333330
0.93333330
1.23333300
2.23333400
2.96666700
3.16666700
3.36666700
3.60000000
3.86666700
-0.10496700
-0.19541690
-0.24334990
-0.16698580
-0.00713248
0.08730394
0.08664479
0.07968064
0.05902478
0.08367096
0.05331548
0.00782716
-0.04456442
-0.09934245
14
0.00000000
0.13333330
0.23333330
0.40000000
0.56666670
0.73333330
0.93333330
1.23333300
2.23333400
2.96666700
3.16666700
3.36666700
3.60000000
3.86666700
-0.55172070
-0.44663940
-0.39147420
-0.39463650
-0.40585280
-0.40732200
-0.42391460
-0.42805860
-0.43152050
-0.42721910
-0.42007330
-0.42897790
-0.51109080
-0.55830880
14
0.00000000
0.13333330
0.23333330
0.40000000
0.56666670
0.73333330
0.93333330
1.23333300
2.23333400
2.96666700
3.16666700
3.36666700
3.60000000
3.86666700
0.13160540
0.09409535
0.08551564
-0.01673556
-0.21367680
-0.34392720
-0.38560280
-0.38332410
-0.34366130
-0.39054590
-0.34133680
-0.21502270
-0.00656574
0.13502740
14
0.00000000
0.13333330
0.23333330
0.40000000
0.56666670
0.73333330
0.93333330
1.23333300
2.23333400
2.96666700
3.16666700
3.36666700
3.60000000
3.86666700
0.81686370
0.86802740
0.88329830
0.90338130
0.88858030
0.84153490
0.81492310
0.81454260
0.83198740
0.81114540
0.83915730
0.87731520
0.85834560
0.81252070
2
0.00000000
3.86666700
1.00000000
1.00000000
2
0.00000000
3.86666700
0.99999990
0.99999990
2
0.00000000
3.86666700
0.99999990
0.99999990
Character1_RightForeArm
1
0.00000000
-0.23377880
1
0.00000000
0.00001742
1
0.00000000
-0.00001277
17
0.00000000
0.10000000
0.20000000
0.30000000
0.63333330
0.73333330
0.90000000
1.00000000
1.20000000
1.90000000
2.70000000
2.96666700
3.06666700
3.23333400
3.36666700
3.66666700
3.86666700
0.17970730
0.18312200
0.17648360
0.17429890
0.15880570
0.16157730
0.17256610
0.17521070
0.17472380
0.16865990
0.17414660
0.17519500
0.17437220
0.16576790
0.16264480
0.17358560
0.17889160
17
0.00000000
0.10000000
0.20000000
0.30000000
0.63333330
0.73333330
0.90000000
1.00000000
1.20000000
1.90000000
2.70000000
2.96666700
3.06666700
3.23333400
3.36666700
3.66666700
3.86666700
0.00237539
-0.01437876
-0.03770602
-0.04208063
-0.07133619
-0.06747386
-0.03617273
-0.02339181
-0.02627728
-0.05018464
-0.02942945
-0.02346403
-0.02810528
-0.05740476
-0.06573986
-0.01907547
0.00360293
17
0.00000000
0.10000000
0.20000000
0.30000000
0.63333330
0.73333330
0.90000000
1.00000000
1.20000000
1.90000000
2.70000000
2.96666700
3.06666700
3.23333400
3.36666700
3.66666700
3.86666700
-0.15420560
-0.29324980
-0.42505960
-0.43640930
-0.42145300
-0.38093150
-0.20289620
-0.13135180
-0.14773710
-0.28242580
-0.16535750
-0.13185830
-0.15748980
-0.32465950
-0.37360030
-0.21699960
-0.14087390
17
0.00000000
0.10000000
0.20000000
0.30000000
0.63333330
0.73333330
0.90000000
1.00000000
1.20000000
1.90000000
2.70000000
2.96666700
3.06666700
3.23333400
3.36666700
3.66666700
3.86666700
0.97155570
0.93822400
0.88699280
0.88170070
0.88998280
0.90787180
0.96319550
0.97544900
0.97311600
0.94301170
0.97029060
0.97538170
0.97159740
0.92942020
0.91085000
0.96042450
0.97372450
2
0.00000000
3.86666700
1.00000000
1.00000000
2
0.00000000
3.86666700
0.99999980
0.99999980
2
0.00000000
3.86666700
0.99999970
0.99999970
Character1_RightHand
1
0.00000000
-0.16248010
1
0.00000000
-0.00000066
1
0.00000000
0.00000173
11
0.00000000
0.26666670
0.53333340
0.73333330
1.03333300
1.73333300
2.30000000
3.03333400
3.33333300
3.63333300
3.86666700
-0.15871060
-0.17351220
-0.30756720
-0.36873670
-0.38594250
-0.42759220
-0.42393740
-0.38414880
-0.38291400
-0.25050100
-0.15869300
11
0.00000000
0.26666670
0.53333340
0.73333330
1.03333300
1.73333300
2.30000000
3.03333400
3.33333300
3.63333300
3.86666700
-0.06616701
-0.06348360
0.03532660
0.06448816
0.02903561
0.16586090
0.15632690
0.02657219
0.02669074
-0.03457399
-0.06616711
11
0.00000000
0.26666670
0.53333340
0.73333330
1.03333300
1.73333300
2.30000000
3.03333400
3.33333300
3.63333300
3.86666700
0.04525881
0.04634409
0.06548259
0.05389307
-0.03693257
-0.09151494
-0.08235633
-0.03252394
-0.03248250
0.00921841
0.04525631
11
0.00000000
0.26666670
0.53333340
0.73333330
1.03333300
1.73333300
2.30000000
3.03333400
3.33333300
3.63333300
3.86666700
0.98406530
0.98169020
0.94861300
0.92572680
0.92132590
0.88390050
0.88828850
0.92231550
0.92282680
0.96745490
0.98406830
2
0.00000000
3.86666700
1.00000000
1.00000000
2
0.00000000
3.86666700
0.99999980
0.99999980
2
0.00000000
3.86666700
0.99999990
0.99999990
Character1_RightHandThumb1
1
0.00000000
-0.02633883
1
0.00000000
0.02086117
1
0.00000000
-0.00452684
4
0.00000000
1.63333300
3.26666700
3.86666700
0.46670370
0.46670360
0.46670350
0.46670370
4
0.00000000
1.63333300
3.26666700
3.86666700
-0.11148370
-0.11148360
-0.11148300
-0.11148340
4
0.00000000
1.63333300
3.26666700
3.86666700
-0.22818460
-0.22818230
-0.22818200
-0.22818480
4
0.00000000
1.63333300
3.26666700
3.86666700
0.84716640
0.84716710
0.84716720
0.84716640
2
0.00000000
3.86666700
1.00000000
1.00000000
2
0.00000000
3.86666700
1.00000000
1.00000000
2
0.00000000
3.86666700
1.00000000
1.00000000
Character1_RightHandThumb2
1
0.00000000
-0.03202948
1
0.00000000
0.00112795
1
0.00000000
0.00060241
4
0.00000000
1.63333300
3.26666700
3.86666700
0.03668496
0.03668573
0.03668572
0.03668515
4
0.00000000
1.63333300
3.26666700
3.86666700
0.17384320
0.17384320
0.17384290
0.17384320
4
0.00000000
1.63333300
3.26666700
3.86666700
0.07676758
0.07676727
0.07676720
0.07676737
4
0.00000000
1.63333300
3.26666700
3.86666700
0.98109100
0.98109100
0.98109100
0.98109100
2
0.00000000
3.86666700
0.99999980
0.99999980
2
0.00000000
3.86666700
0.99999930
0.99999930
2
0.00000000
3.86666700
0.99999980
0.99999980
Character1_RightHandThumb3
1
0.00000000
-0.01758621
1
0.00000000
0.00051133
1
0.00000000
0.00015221
4
0.00000000
1.63333300
3.26666700
3.86666700
0.01054280
0.01054232
0.01054242
0.01054255
4
0.00000000
1.63333300
3.26666700
3.86666700
0.26186990
0.26187010
0.26186980
0.26187010
4
0.00000000
1.63333300
3.26666700
3.86666700
0.09421450
0.09421274
0.09421259
0.09421402
4
0.00000000
1.63333300
3.26666700
3.86666700
0.96043560
0.96043570
0.96043590
0.96043560
2
0.00000000
3.86666700
1.00000000
1.00000000
2
0.00000000
3.86666700
1.00000000
1.00000000
2
0.00000000
3.86666700
1.00000000
1.00000000
Character1_RightHandThumb4
1
0.00000000
-0.02628791
1
0.00000000
0.00158763
1
0.00000000
-0.00003033
2
0.00000000
3.86666700
0.09698050
0.09698050
2
0.00000000
3.86666700
-0.01651486
-0.01651486
2
0.00000000
3.86666700
-0.06892800
-0.06892800
2
0.00000000
3.86666700
0.99275930
0.99275930
2
0.00000000
3.86666700
1.00000000
1.00000000
2
0.00000000
3.86666700
0.99999960
0.99999960
2
0.00000000
3.86666700
0.99999990
0.99999990
Character1_RightHandIndex1
1
0.00000000
-0.07745903
1
0.00000000
0.02477353
1
0.00000000
0.02387737
4
0.00000000
1.63333300
3.26666700
3.86666700
0.99241190
0.99241190
0.99241180
0.99241190
4
0.00000000
1.63333300
3.26666700
3.86666700
0.07668136
0.07668141
0.07668173
0.07668150
4
0.00000000
1.63333300
3.26666700
3.86666700
0.04932125
0.04931986
0.04932095
0.04932115
4
0.00000000
1.63333300
3.26666700
3.86666700
-0.08249851
-0.08249908
-0.08249930
-0.08249864
2
0.00000000
3.86666700
0.99999990
0.99999990
2
0.00000000
3.86666700
1.00000000
1.00000000
2
0.00000000
3.86666700
1.00000000
1.00000000
Character1_RightHandIndex2
1
0.00000000
-0.02423301
1
0.00000000
-0.00223004
1
0.00000000
-0.00200852
4
0.00000000
1.63333300
3.26666700
3.86666700
-0.01853813
-0.01853874
-0.01853814
-0.01853817
4
0.00000000
1.63333300
3.26666700
3.86666700
0.27415710
0.27415840
0.27415700
0.27415680
4
0.00000000
1.63333300
3.26666700
3.86666700
-0.03294886
-0.03295306
-0.03295247
-0.03294905
4
0.00000000
1.63333300
3.26666700
3.86666700
0.96094150
0.96094100
0.96094140
0.96094160
2
0.00000000
3.86666700
1.00000000
1.00000000
2
0.00000000
3.86666700
1.00000000
1.00000000
2
0.00000000
3.86666700
0.99999950
0.99999950
Character1_RightHandIndex3
1
0.00000000
-0.01588617
1
0.00000000
0.00000118
1
0.00000000
-0.00264198
4
0.00000000
1.63333300
3.26666700
3.86666700
-0.03704085
-0.03704083
-0.03704067
-0.03704114
4
0.00000000
1.63333300
3.26666700
3.86666700
0.03168742
0.03168717
0.03168720
0.03168740
4
0.00000000
1.63333300
3.26666700
3.86666700
-0.00985227
-0.00985262
-0.00985319
-0.00985189
4
0.00000000
1.63333300
3.26666700
3.86666700
0.99876270
0.99876270
0.99876270
0.99876270
2
0.00000000
3.86666700
0.99999990
0.99999990
2
0.00000000
3.86666700
1.00000000
1.00000000
2
0.00000000
3.86666700
1.00000000
1.00000000
Character1_RightHandIndex4
1
0.00000000
-0.02107472
1
0.00000000
-0.00070412
1
0.00000000
-0.00325402
2
0.00000000
3.86666700
0.06180407
0.06180407
2
0.00000000
3.86666700
-0.11389170
-0.11389170
2
0.00000000
3.86666700
-0.00078375
-0.00078375
2
0.00000000
3.86666700
0.99156860
0.99156860
2
0.00000000
3.86666700
0.99999960
0.99999960
2
0.00000000
3.86666700
0.99999980
0.99999980
2
0.00000000
3.86666700
0.99999990
0.99999990
Character1_RightHandMiddle1
1
0.00000000
-0.07734096
1
0.00000000
0.00436004
1
0.00000000
0.02411085
4
0.00000000
1.63333300
3.26666700
3.86666700
0.99717800
0.99717810
0.99717800
0.99717800
4
0.00000000
1.63333300
3.26666700
3.86666700
0.03318600
0.03318598
0.03318664
0.03318568
4
0.00000000
1.63333300
3.26666700
3.86666700
-0.02654350
-0.02654329
-0.02654335
-0.02654285
4
0.00000000
1.63333300
3.26666700
3.86666700
-0.06188931
-0.06188706
-0.06188837
-0.06188935
2
0.00000000
3.86666700
0.99999990
0.99999990
2
0.00000000
3.86666700
1.00000000
1.00000000
2
0.00000000
3.86666700
1.00000000
1.00000000
Character1_RightHandMiddle2
1
0.00000000
-0.02535491
1
0.00000000
-0.00067981
1
0.00000000
0.00116949
4
0.00000000
1.63333300
3.26666700
3.86666700
-0.02876818
-0.02876628
-0.02876692
-0.02876845
4
0.00000000
1.63333300
3.26666700
3.86666700
0.35392710
0.35392790
0.35392690
0.35392620
4
0.00000000
1.63333300
3.26666700
3.86666700
-0.05358381
-0.05358659
-0.05358671
-0.05358382
4
0.00000000
1.63333300
3.26666700
3.86666700
0.93329350
0.93329310
0.93329350
0.93329380
2
0.00000000
3.86666700
1.00000000
1.00000000
2
0.00000000
3.86666700
1.00000000
1.00000000
2
0.00000000
3.86666700
0.99999990
0.99999990
Character1_RightHandMiddle3
1
0.00000000
-0.01941583
1
0.00000000
-0.00041665
1
0.00000000
-0.00070466
4
0.00000000
1.63333300
3.26666700
3.86666700
-0.00584417
-0.00584608
-0.00584548
-0.00584409
4
0.00000000
1.63333300
3.26666700
3.86666700
0.43805770
0.43805820
0.43805790
0.43805750
4
0.00000000
1.63333300
3.26666700
3.86666700
-0.05273837
-0.05273919
-0.05273957
-0.05273816
4
0.00000000
1.63333300
3.26666700
3.86666700
0.89737950
0.89737920
0.89737930
0.89737960
2
0.00000000
3.86666700
1.00000000
1.00000000
2
0.00000000
3.86666700
0.99999990
0.99999990
2
0.00000000
3.86666700
0.99999990
0.99999990
Character1_RightHandMiddle4
1
0.00000000
-0.02143747
1
0.00000000
-0.00047113
1
0.00000000
-0.00506652
2
0.00000000
3.86666700
0.02437098
0.02437098
2
0.00000000
3.86666700
-0.06598202
-0.06598202
2
0.00000000
3.86666700
-0.00813170
-0.00813170
2
0.00000000
3.86666700
0.99749000
0.99749000
2
0.00000000
3.86666700
1.00000000
1.00000000
2
0.00000000
3.86666700
1.00000000
1.00000000
2
0.00000000
3.86666700
0.99999990
0.99999990
Character1_RightHandRing1
1
0.00000000
-0.07430402
1
0.00000000
-0.01371074
1
0.00000000
0.01965605
4
0.00000000
1.63333300
3.26666700
3.86666700
0.96595510
0.96595500
0.96595480
0.96595510
4
0.00000000
1.63333300
3.26666700
3.86666700
-0.02005481
-0.02005204
-0.02005133
-0.02005452
4
0.00000000
1.63333300
3.26666700
3.86666700
0.16908760
0.16908800
0.16908790
0.16908770
4
0.00000000
1.63333300
3.26666700
3.86666700
-0.19477680
-0.19477720
-0.19477840
-0.19477670
2
0.00000000
3.86666700
1.00000000
1.00000000
2
0.00000000
3.86666700
1.00000000
1.00000000
2
0.00000000
3.86666700
0.99999980
0.99999980
Character1_RightHandRing2
1
0.00000000
-0.02345802
1
0.00000000
-0.00000792
1
0.00000000
-0.00350789
4
0.00000000
1.63333300
3.26666700
3.86666700
-0.05709863
-0.05709816
-0.05709865
-0.05709885
4
0.00000000
1.63333300
3.26666700
3.86666700
0.12255320
0.12255290
0.12255260
0.12255350
4
0.00000000
1.63333300
3.26666700
3.86666700
-0.11436580
-0.11436750
-0.11436760
-0.11436540
4
0.00000000
1.63333300
3.26666700
3.86666700
0.98419560
0.98419550
0.98419540
0.98419560
2
0.00000000
3.86666700
0.99999990
0.99999990
2
0.00000000
3.86666700
1.00000000
1.00000000
2
0.00000000
3.86666700
1.00000000
1.00000000
Character1_RightHandRing3
1
0.00000000
-0.01589358
1
0.00000000
-0.00103255
1
0.00000000
0.00037811
4
0.00000000
1.63333300
3.26666700
3.86666700
-0.04201527
-0.04201603
-0.04201698
-0.04201521
4
0.00000000
1.63333300
3.26666700
3.86666700
0.36974960
0.36975150
0.36975080
0.36975020
4
0.00000000
1.63333300
3.26666700
3.86666700
-0.12219400
-0.12219650
-0.12219650
-0.12219390
4
0.00000000
1.63333300
3.26666700
3.86666700
0.92010250
0.92010140
0.92010160
0.92010220
2
0.00000000
3.86666700
0.99999990
0.99999990
2
0.00000000
3.86666700
0.99999990
0.99999990
2
0.00000000
3.86666700
1.00000000
1.00000000
Character1_RightHandRing4
1
0.00000000
-0.02512612
1
0.00000000
-0.00003484
1
0.00000000
-0.00327394
2
0.00000000
3.86666700
0.01259207
0.01259207
2
0.00000000
3.86666700
-0.04324944
-0.04324944
2
0.00000000
3.86666700
-0.00322445
-0.00322445
2
0.00000000
3.86666700
0.99897970
0.99897970
2
0.00000000
3.86666700
1.00000000
1.00000000
2
0.00000000
3.86666700
0.99999990
0.99999990
2
0.00000000
3.86666700
0.99999980
0.99999980
Character1_RightHandPinky1
1
0.00000000
-0.06501900
1
0.00000000
-0.02772160
1
0.00000000
0.01036632
4
0.00000000
1.63333300
3.26666700
3.86666700
0.92177970
0.92178060
0.92178040
0.92177980
4
0.00000000
1.63333300
3.26666700
3.86666700
-0.00122117
-0.00121935
-0.00121898
-0.00122099
4
0.00000000
1.63333300
3.26666700
3.86666700
0.10058930
0.10058830
0.10058800
0.10058950
4
0.00000000
1.63333300
3.26666700
3.86666700
-0.37443640
-0.37443440
-0.37443490
-0.37443610
2
0.00000000
3.86666700
1.00000000
1.00000000
2
0.00000000
3.86666700
1.00000000
1.00000000
2
0.00000000
3.86666700
0.99999990
0.99999990
Character1_RightHandPinky2
1
0.00000000
-0.01809764
1
0.00000000
-0.00014428
1
0.00000000
-0.00005280
4
0.00000000
1.63333300
3.26666700
3.86666700
0.02639380
0.02639608
0.02639664
0.02639357
4
0.00000000
1.63333300
3.26666700
3.86666700
0.07189436
0.07189506
0.07189438
0.07189415
4
0.00000000
1.63333300
3.26666700
3.86666700
-0.08208598
-0.08208670
-0.08208701
-0.08208595
4
0.00000000
1.63333300
3.26666700
3.86666700
0.99367830
0.99367810
0.99367810
0.99367830
2
0.00000000
3.86666700
1.00000000
1.00000000
2
0.00000000
3.86666700
1.00000000
1.00000000
2
0.00000000
3.86666700
1.00000000
1.00000000
Character1_RightHandPinky3
1
0.00000000
-0.01388555
1
0.00000000
0.00026696
1
0.00000000
0.00082812
4
0.00000000
1.63333300
3.26666700
3.86666700
0.02450764
0.02450871
0.02450755
0.02450737
4
0.00000000
1.63333300
3.26666700
3.86666700
0.31070620
0.31070790
0.31070730
0.31070730
4
0.00000000
1.63333300
3.26666700
3.86666700
-0.22230190
-0.22230320
-0.22230490
-0.22230230
4
0.00000000
1.63333300
3.26666700
3.86666700
0.92381980
0.92381880
0.92381870
0.92381920
2
0.00000000
3.86666700
1.00000000
1.00000000
2
0.00000000
3.86666700
1.00000000
1.00000000
2
0.00000000
3.86666700
1.00000000
1.00000000
Character1_RightHandPinky4
1
0.00000000
-0.01920296
1
0.00000000
0.00051865
1
0.00000000
-0.00024998
2
0.00000000
3.86666700
-0.01420847
-0.01420847
2
0.00000000
3.86666700
-0.00825185
-0.00825185
2
0.00000000
3.86666700
-0.01770875
-0.01770875
2
0.00000000
3.86666700
0.99970820
0.99970820
2
0.00000000
3.86666700
0.99999970
0.99999970
2
0.00000000
3.86666700
0.99999960
0.99999960
2
0.00000000
3.86666700
0.99999960
0.99999960
Character1_Neck
1
0.00000000
-0.15685130
1
0.00000000
0.00829848
1
0.00000000
0.00028670
9
0.00000000
0.26666670
1.46666700
2.30000000
2.96666700
3.13333300
3.36666700
3.73333400
3.86666700
-0.01582075
0.00282418
0.00462615
0.00602310
0.00285548
0.00749410
0.01484015
-0.01127090
-0.01667024
9
0.00000000
0.26666670
1.46666700
2.30000000
2.96666700
3.13333300
3.36666700
3.73333400
3.86666700
0.02968143
0.02291749
0.02320763
0.02360697
0.02303863
0.01833520
0.00977123
0.02742515
0.02995166
9
0.00000000
0.26666670
1.46666700
2.30000000
2.96666700
3.13333300
3.36666700
3.73333400
3.86666700
-0.19946960
-0.16289600
-0.13496760
-0.11417990
-0.16269080
-0.11936820
-0.04044609
-0.17603640
-0.20109760
9
0.00000000
0.26666670
1.46666700
2.30000000
2.96666700
3.13333300
3.36666700
3.73333400
3.86666700
0.97932660
0.98637300
0.99056740
0.99316130
0.98640400
0.99265250
0.99902370
0.98393700
0.97897130
2
0.00000000
3.86666700
1.00000000
1.00000000
2
0.00000000
3.86666700
1.00000000
1.00000000
2
0.00000000
3.86666700
0.99999980
0.99999980
Character1_Head
1
0.00000000
-0.07808319
1
0.00000000
-0.00553454
1
0.00000000
0.00000000
9
0.00000000
0.26666670
1.46666700
2.30000000
2.96666700
3.13333300
3.36666700
3.73333400
3.86666700
-0.00319403
0.01438887
0.01511444
0.01564519
0.01439417
0.01645447
0.01875047
0.00008847
-0.00399446
9
0.00000000
0.26666670
1.46666700
2.30000000
2.96666700
3.13333300
3.36666700
3.73333400
3.86666700
0.01984079
0.01472537
0.01553092
0.01612071
0.01473183
0.01077030
0.00346233
0.01787492
0.02004052
9
0.00000000
0.26666670
1.46666700
2.30000000
2.96666700
3.13333300
3.36666700
3.73333400
3.86666700
0.06964215
0.10750810
0.13555690
0.15631060
0.10771010
0.15136490
0.22952470
0.09362904
0.06794347
9
0.00000000
0.26666670
1.46666700
2.30000000
2.96666700
3.13333300
3.36666700
3.73333400
3.86666700
0.99736960
0.99399100
0.99053250
0.98745250
0.99396900
0.98828230
0.97311600
0.99544670
0.99747990
2
0.00000000
3.86666700
1.00000000
1.00000000
2
0.00000000
3.86666700
0.99999980
0.99999980
2
0.00000000
3.86666700
1.00000000
1.00000000
J_L_HairTail_00
2
0.00000000
3.86666700
-0.03154395
-0.03154395
2
0.00000000
3.86666700
-0.06754832
-0.06754832
2
0.00000000
3.86666700
0.06546028
0.06546028
11
0.00000000
0.23333330
0.63333330
0.76666670
1.00000000
1.36666700
2.96666700
3.13333300
3.33333300
3.76666700
3.86666700
-0.14381380
-0.14576980
-0.19678600
-0.19368820
-0.18722060
-0.18722060
-0.18722060
-0.20150340
-0.22620610
-0.15173020
-0.14374410
11
0.00000000
0.23333330
0.63333330
0.76666670
1.00000000
1.36666700
2.96666700
3.13333300
3.33333300
3.76666700
3.86666700
0.02580847
0.01069009
0.03317608
0.04518707
0.07109075
0.07109075
0.07109075
0.07355344
0.08059265
0.03101957
0.02647162
11
0.00000000
0.23333330
0.63333330
0.76666670
1.00000000
1.36666700
2.96666700
3.13333300
3.33333300
3.76666700
3.86666700
0.97184210
0.94722160
0.93343570
0.94457470
0.97235620
0.97235620
0.97235620
0.96301260
0.94035840
0.97025800
0.97262290
11
0.00000000
0.23333330
0.63333330
0.76666670
1.00000000
1.36666700
2.96666700
3.13333300
3.33333300
3.76666700
3.86666700
0.18486390
0.28532140
0.29811480
0.26119260
0.12007470
0.12007470
0.12007470
0.16307410
0.24095990
0.18605140
0.18067000
2
0.00000000
3.86666700
1.00000100
1.00000100
2
0.00000000
3.86666700
1.00000100
1.00000100
2
0.00000000
3.86666700
1.00000000
1.00000000
J_L_HairTail_01
2
0.00000000
3.86666700
-0.11597680
-0.11597680
2
0.00000000
3.86666700
0.00000000
0.00000000
2
0.00000000
3.86666700
0.00000000
0.00000000
7
0.00000000
0.40000000
0.76666670
1.00000000
1.66666700
3.30000000
3.86666700
-0.00012432
-0.00011104
-0.00020497
-0.00150227
-0.00150227
-0.00150227
-0.00012400
7
0.00000000
0.40000000
0.76666670
1.00000000
1.66666700
3.30000000
3.86666700
0.00052532
0.00052827
-0.00176890
-0.01005088
-0.01005088
-0.01005088
0.00052538
7
0.00000000
0.40000000
0.76666670
1.00000000
1.66666700
3.30000000
3.86666700
0.00212544
0.02732064
0.05487460
-0.02617607
-0.02617607
-0.02617607
0.00273948
7
0.00000000
0.40000000
0.76666670
1.00000000
1.66666700
3.30000000
3.86666700
1.00003000
0.99962660
0.99849170
0.99960570
0.99960570
0.99960570
0.99999610
2
0.00000000
3.86666700
1.00000000
1.00000000
2
0.00000000
3.86666700
1.00000000
1.00000000
2
0.00000000
3.86666700
1.00000000
1.00000000
J_L_HairTail_02
2
0.00000000
3.86666700
-0.13655790
-0.13655790
2
0.00000000
3.86666700
0.00000000
0.00000000
2
0.00000000
3.86666700
0.00000000
0.00000000
8
0.00000000
0.26666670
0.66666670
0.96666660
1.23333300
2.90000000
3.23333400
3.86666700
-0.00432980
-0.00427929
-0.00229857
-0.00425700
-0.00431293
-0.00431293
-0.00385366
-0.00431293
8
0.00000000
0.26666670
0.66666670
0.96666660
1.23333300
2.90000000
3.23333400
3.86666700
0.02031164
0.02032227
0.02064034
0.02032695
0.02031516
0.02031516
-0.00280050
0.02031516
8
0.00000000
0.26666670
0.66666670
0.96666660
1.23333300
2.90000000
3.23333400
3.86666700
0.01898496
0.02146912
0.11780930
0.02256541
0.01981453
0.01981453
0.01990895
0.01981453
8
0.00000000
0.26666670
0.66666670
0.96666660
1.23333300
2.90000000
3.23333400
3.86666700
0.99960740
0.99955380
0.99281910
0.99952970
0.99958800
0.99958800
0.99979040
0.99958800
2
0.00000000
3.86666700
1.00000000
1.00000000
2
0.00000000
3.86666700
1.00000000
1.00000000
2
0.00000000
3.86666700
1.00000000
1.00000000
J_L_HairTail_03
2
0.00000000
3.86666700
-0.13229260
-0.13229260
2
0.00000000
3.86666700
0.00000000
0.00000000
2
0.00000000
3.86666700
0.00000000
0.00000000
8
0.00000000
0.40000000
0.76666670
1.00000000
1.56666700
3.00000000
3.40000000
3.86666700
0.00557456
0.00224017
0.00271517
0.01185877
0.01185877
0.01185877
0.01392460
0.00563762
8
0.00000000
0.40000000
0.76666670
1.00000000
1.56666700
3.00000000
3.40000000
3.86666700
-0.03381833
-0.03419830
-0.04035452
-0.06313826
-0.06313826
-0.06313826
-0.08994132
-0.03380472
8
0.00000000
0.40000000
0.76666670
1.00000000
1.56666700
3.00000000
3.40000000
3.86666700
0.02598940
0.12357290
0.17861210
0.08833068
0.08833068
0.08833068
0.08503854
0.02410864
8
0.00000000
0.40000000
0.76666670
1.00000000
1.56666700
3.00000000
3.40000000
3.86666700
0.99916530
0.99174350
0.98308790
0.99401740
0.99401740
0.99401740
0.99221220
0.99912170
2
0.00000000
3.86666700
1.00000000
1.00000000
2
0.00000000
3.86666700
1.00000000
1.00000000
2
0.00000000
3.86666700
1.00000000
1.00000000
J_L_HairTail_04
2
0.00000000
3.86666700
-0.13752590
-0.13752590
2
0.00000000
3.86666700
0.00000000
0.00000000
2
0.00000000
3.86666700
0.00000000
0.00000000
9
0.00000000
0.40000000
0.66666670
0.93333330
1.16666700
2.80000000
3.20000000
3.50000000
3.86666700
0.00783400
-0.00172581
-0.00960668
0.04138478
0.04786932
0.04786932
0.04722179
0.04060417
0.00801631
9
0.00000000
0.40000000
0.66666670
0.93333330
1.16666700
2.80000000
3.20000000
3.50000000
3.86666700
-0.09736516
-0.09765569
-0.09719736
-0.02529126
-0.01726847
-0.01726847
-0.01659371
-0.04103978
-0.09734142
9
0.00000000
0.40000000
0.66666670
0.93333330
1.16666700
2.80000000
3.20000000
3.50000000
3.86666700
0.06051465
0.15737230
0.23621930
0.17957050
0.17247830
0.17247830
0.19045070
0.16914370
0.05864140
9
0.00000000
0.40000000
0.66666670
0.93333330
1.16666700
2.80000000
3.20000000
3.50000000
3.86666700
0.99346770
0.98269750
0.96677860
0.98254880
0.98369790
0.98369790
0.98041990
0.98389910
0.99348960
2
0.00000000
3.86666700
1.00000000
1.00000000
2
0.00000000
3.86666700
1.00000000
1.00000000
2
0.00000000
3.86666700
1.00000000
1.00000000
J_L_HairTail_05
2
0.00000000
3.86666700
-0.14597840
-0.14597840
2
0.00000000
3.86666700
0.00000000
0.00000000
2
0.00000000
3.86666700
0.00000000
0.00000000
9
0.00000000
0.33333330
0.66666670
0.93333330
1.16666700
2.80000000
3.20000000
3.53333400
3.86666700
-0.00016386
-0.00078266
-0.00117451
0.05375583
0.06060471
0.06060471
0.06156232
0.04333249
-0.00013147
9
0.00000000
0.33333330
0.66666670
0.93333330
1.16666700
2.80000000
3.20000000
3.53333400
3.86666700
-0.01367018
-0.01364910
-0.01362098
0.05221162
0.05940326
0.05940326
0.05985904
0.03199460
-0.01367089
9
0.00000000
0.33333330
0.66666670
0.93333330
1.16666700
2.80000000
3.20000000
3.53333400
3.86666700
0.03518409
0.08039414
0.10899820
0.04676855
0.03907496
0.03907496
0.05731125
0.05767141
0.03281705
9
0.00000000
0.33333330
0.66666670
0.93333330
1.16666700
2.80000000
3.20000000
3.53333400
3.86666700
0.99926140
0.99666940
0.99394790
0.99609090
0.99562620
0.99562620
0.99465690
0.99688150
0.99936790
2
0.00000000
3.86666700
1.00000100
1.00000100
2
0.00000000
3.86666700
1.00000000
1.00000000
2
0.00000000
3.86666700
1.00000100
1.00000100
J_R_HairTail_00
2
0.00000000
3.86666700
-0.03349167
-0.03349167
2
0.00000000
3.86666700
-0.07271498
-0.07271498
2
0.00000000
3.86666700
-0.05859684
-0.05859684
10
0.00000000
0.43333340
0.76666670
1.00000000
1.76666700
2.96666700
3.13333300
3.36666700
3.70000000
3.86666700
0.05024258
0.07190404
0.07818501
0.07613293
0.07613293
0.07613293
0.09589661
0.12972700
0.07092142
0.05003065
10
0.00000000
0.43333340
0.76666670
1.00000000
1.76666700
2.96666700
3.13333300
3.36666700
3.70000000
3.86666700
0.03617107
0.00377870
-0.02504047
-0.03069788
-0.03069788
-0.03069788
-0.03214411
-0.03816064
0.02054155
0.03612270
10
0.00000000
0.43333340
0.76666670
1.00000000
1.76666700
2.96666700
3.13333300
3.36666700
3.70000000
3.86666700
0.98082300
0.96338150
0.95749040
0.97473130
0.97473130
0.97473130
0.96402870
0.93994530
0.97409200
0.98096150
10
0.00000000
0.43333340
0.76666670
1.00000000
1.76666700
2.96666700
3.13333300
3.36666700
3.70000000
3.86666700
0.18480720
0.25828610
0.27653630
0.20775050
0.20775050
0.20775050
0.24580330
0.31339690
0.21375930
0.18413770
2
0.00000000
3.86666700
1.00000100
1.00000100
2
0.00000000
3.86666700
1.00000100
1.00000100
2
0.00000000
3.86666700
1.00000000
1.00000000
J_R_HairTail_01
2
0.00000000
3.86666700
-0.11597510
-0.11597510
2
0.00000000
3.86666700
0.00000000
0.00000000
2
0.00000000
3.86666700
0.00000000
0.00000000
8
0.00000000
0.06666668
0.23333330
0.66666670
1.03333300
2.66666700
3.36666700
3.86666700
-0.00048372
-0.00311594
-0.01431424
-0.01701427
-0.01942846
-0.01942846
-0.01922616
0.00012216
8
0.00000000
0.06666668
0.23333330
0.66666670
1.03333300
2.66666700
3.36666700
3.86666700
-0.00355457
-0.01369090
-0.04129745
-0.04026030
-0.03915241
-0.03915241
-0.03871039
-0.00051764
8
0.00000000
0.06666668
0.23333330
0.66666670
1.03333300
2.66666700
3.36666700
3.86666700
-0.00360639
-0.02509679
-0.08541806
-0.01939735
0.04131400
0.04131400
0.04089078
0.00274440
8
0.00000000
0.06666668
0.23333330
0.66666670
1.03333300
2.66666700
3.36666700
3.86666700
1.00004300
0.99958640
0.99538610
0.99885610
0.99818970
0.99818970
0.99822830
0.99999610
2
0.00000000
3.86666700
1.00000000
1.00000000
2
0.00000000
3.86666700
1.00000000
1.00000000
2
0.00000000
3.86666700
1.00000000
1.00000000
J_R_HairTail_02
2
0.00000000
3.86666700
-0.13656150
-0.13656150
2
0.00000000
3.86666700
0.00000000
0.00000000
2
0.00000000
3.86666700
0.00000000
0.00000000
9
0.00000000
0.33333330
0.63333330
0.96666660
1.23333300
2.90000000
3.16666700
3.80000000
3.86666700
0.00431468
0.00278604
-0.00064267
0.00118556
0.00123989
0.00123989
0.00192780
0.00427928
0.00431369
9
0.00000000
0.33333330
0.63333330
0.96666660
1.23333300
2.90000000
3.16666700
3.80000000
3.86666700
-0.02032323
-0.02058408
-0.02076183
-0.02073791
-0.02073473
-0.02073473
-0.02068212
-0.02032620
-0.02031893
9
0.00000000
0.33333330
0.63333330
0.96666660
1.23333300
2.90000000
3.16666700
3.80000000
3.86666700
0.01980993
0.09431537
0.25697900
0.17101910
0.16843760
0.16843760
0.13561710
0.02150162
0.01980948
9
0.00000000
0.33333330
0.63333330
0.96666660
1.23333300
2.90000000
3.16666700
3.80000000
3.86666700
0.99980100
0.99532560
0.96619370
0.98504880
0.98549340
0.98549340
0.99054360
0.99955300
0.99958800
2
0.00000000
3.86666700
1.00000000
1.00000000
2
0.00000000
3.86666700
1.00000000
1.00000000
2
0.00000000
3.86666700
1.00000000
1.00000000
J_R_HairTail_03
2
0.00000000
3.86666700
-0.13228850
-0.13228850
2
0.00000000
3.86666700
0.00000000
0.00000000
2
0.00000000
3.86666700
0.00000000
0.00000000
8
0.00000000
0.36666670
0.73333330
1.00000000
2.03333400
3.00000000
3.36666700
3.86666700
-0.00560404
-0.00301288
0.00015653
-0.00192003
-0.00192003
-0.00192003
-0.00481159
-0.00563739
8
0.00000000
0.36666670
0.73333330
1.00000000
2.03333400
3.00000000
3.36666700
3.86666700
0.03381239
0.03413703
0.03426937
0.03421590
0.03421590
0.03421590
0.03393026
0.03380287
8
0.00000000
0.36666670
0.73333330
1.00000000
2.03333400
3.00000000
3.36666700
3.86666700
0.02511733
0.10111490
0.19261860
0.13284880
0.13284880
0.13284880
0.04846142
0.02410972
8
0.00000000
0.36666670
0.73333330
1.00000000
2.03333400
3.00000000
3.36666700
3.86666700
0.99921130
0.99428440
0.98067510
0.99054370
0.99054370
0.99054370
0.99823700
0.99912180
2
0.00000000
3.86666700
1.00000000
1.00000000
2
0.00000000
3.86666700
1.00000000
1.00000000
2
0.00000000
3.86666700
1.00000000
1.00000000
J_R_HairTail_04
2
0.00000000
3.86666700
-0.13752580
-0.13752580
2
0.00000000
3.86666700
0.00000000
0.00000000
2
0.00000000
3.86666700
0.00000000
0.00000000
9
0.00000000
0.36666670
0.66666670
0.86666670
1.00000000
1.33333300
2.96666700
3.36666700
3.86666700
-0.00791388
-0.00080387
0.00822746
-0.00447525
-0.01135745
-0.01135745
-0.01135745
-0.00688160
-0.00801684
9
0.00000000
0.36666670
0.66666670
0.86666670
1.00000000
1.33333300
2.96666700
3.36666700
3.86666700
0.09736437
0.09767266
0.09732884
0.09757338
0.09701341
0.09701341
0.09701341
0.09743325
0.09734642
9
0.00000000
0.36666670
0.66666670
0.86666670
1.00000000
1.33333300
2.96666700
3.36666700
3.86666700
0.05970557
0.13187090
0.22248330
0.09469296
0.02446496
0.02446497
0.02446497
0.07021758
0.05864125
9
0.00000000
0.36666670
0.66666670
0.86666670
1.00000000
1.33333300
2.96666700
3.36666700
3.86666700
0.99352280
0.98644280
0.97003130
0.99070310
0.99491760
0.99491760
0.99491760
0.99273810
0.99348910
2
0.00000000
3.86666700
1.00000000
1.00000000
2
0.00000000
3.86666700
1.00000000
1.00000000
2
0.00000000
3.86666700
1.00000000
1.00000000
J_R_HairTail_05
2
0.00000000
3.86666700
-0.14597890
-0.14597890
2
0.00000000
3.86666700
0.00000000
0.00000000
2
0.00000000
3.86666700
0.00000000
0.00000000
9
0.00000000
0.23333330
0.56666670
0.73333330
0.90000000
1.03333300
2.66666700
3.16666700
3.86666700
0.00012590
0.00013144
0.00177199
0.00174385
-0.00011871
-0.00071155
-0.00071155
-0.00043681
0.00013144
9
0.00000000
0.23333330
0.56666670
0.73333330
0.90000000
1.03333300
2.66666700
3.16666700
3.86666700
0.01367018
0.01367012
0.01355543
0.01355907
0.01367024
0.01365222
0.01365222
0.01366377
0.01367012
9
0.00000000
0.23333330
0.56666670
0.73333330
0.90000000
1.03333300
2.66666700
3.16666700
3.86666700
0.03241223
0.03281710
0.15258290
0.15053200
0.01452542
-0.02885442
-0.02885442
-0.00874536
0.03281710
9
0.00000000
0.23333330
0.56666670
0.73333330
0.90000000
1.03333300
2.66666700
3.16666700
3.86666700
0.99938170
0.99936790
0.98819610
0.98851060
0.99980100
0.99949010
0.99949010
0.99986830
0.99936790
2
0.00000000
3.86666700
1.00000100
1.00000100
2
0.00000000
3.86666700
1.00000000
1.00000000
2
0.00000000
3.86666700
1.00000100
1.00000100
J_Mune_root_00
1
0.00000000
-0.08766683
1
0.00000000
-0.00030448
1
0.00000000
0.00000002
6
0.00000000
0.40000000
0.73333330
2.36666700
3.56666700
3.86666700
-0.49221340
-0.48350280
-0.45971860
-0.45866360
-0.48325990
-0.49208780
6
0.00000000
0.40000000
0.73333330
2.36666700
3.56666700
3.86666700
0.50784980
0.51631230
0.53755890
0.53842320
0.51685450
0.50796780
6
0.00000000
0.40000000
0.73333330
2.36666700
3.56666700
3.86666700
0.48664190
0.47720990
0.45216540
0.45114090
0.47621780
0.48651960
6
0.00000000
0.40000000
0.73333330
2.36666700
3.56666700
3.86666700
0.51282960
0.52145700
0.54335590
0.54424260
0.52205160
0.51294930
2
0.00000000
3.86666700
1.00000000
1.00000000
2
0.00000000
3.86666700
1.00000100
1.00000100
2
0.00000000
3.86666700
1.00000000
1.00000000
J_L_Skirt_00
2
0.00000000
3.86666700
-0.06887829
-0.06887829
2
0.00000000
3.86666700
0.07501759
0.07501759
2
0.00000000
3.86666700
0.05685667
0.05685667
7
0.00000000
0.40000000
0.73333330
2.36666700
3.33333300
3.70000000
3.86666700
0.01866028
-0.08909445
-0.14228470
-0.14228470
-0.14228470
-0.01612172
0.02211946
7
0.00000000
0.40000000
0.73333330
2.36666700
3.33333300
3.70000000
3.86666700
0.99874240
0.99497220
0.98876830
0.98876830
0.98876830
0.99882310
0.99870820
7
0.00000000
0.40000000
0.73333330
2.36666700
3.33333300
3.70000000
3.86666700
0.00085456
-0.00407987
-0.00651550
-0.00651550
-0.00651550
-0.00073827
0.00101295
7
0.00000000
0.40000000
0.73333330
2.36666700
3.33333300
3.70000000
3.86666700
0.04573453
0.04556192
0.04527771
0.04527771
0.04527771
0.04573818
0.04573297
2
0.00000000
3.86666700
1.00000000
1.00000000
2
0.00000000
3.86666700
1.00000000
1.00000000
2
0.00000000
3.86666700
1.00000000
1.00000000
J_L_Skirt_01
2
0.00000000
3.86666700
-0.14191040
-0.14191040
2
0.00000000
3.86666700
0.00000000
0.00000000
2
0.00000000
3.86666700
0.00000000
0.00000000
7
0.00000000
0.46666670
1.03333300
2.66666700
3.33333300
3.73333400
3.86666700
0.00211048
-0.00187489
-0.00288595
-0.00288595
-0.00288595
0.00142395
0.00222163
7
0.00000000
0.46666670
1.03333300
2.66666700
3.33333300
3.73333400
3.86666700
0.03395273
0.03396920
0.03389827
0.03389827
0.03389827
0.03399109
0.03394828
7
0.00000000
0.46666670
1.03333300
2.66666700
3.33333300
3.73333400
3.86666700
0.01777801
-0.09920567
-0.12878600
-0.12878600
-0.12878600
-0.00242013
0.02104580
7
0.00000000
0.46666670
1.03333300
2.66666700
3.33333300
3.73333400
3.86666700
0.99918560
0.99448520
0.99108870
0.99108870
0.99108870
0.99941820
0.99919950
2
0.00000000
3.86666700
1.00000000
1.00000000
2
0.00000000
3.86666700
1.00000000
1.00000000
2
0.00000000
3.86666700
1.00000000
1.00000000
J_L_SusoFront_00
2
0.00000000
3.86666700
0.00000000
0.00000000
2
0.00000000
3.86666700
-0.00000003
-0.00000003
2
0.00000000
3.86666700
0.00000000
0.00000000
5
0.00000000
0.73333330
2.36666700
3.33333300
3.86666700
0.00003922
-0.00339705
-0.00339705
-0.00339705
0.00010819
5
0.00000000
0.73333330
2.36666700
3.33333300
3.86666700
-0.00829293
-0.05510576
-0.05510576
-0.05510576
-0.00735336
5
0.00000000
0.73333330
2.36666700
3.33333300
3.86666700
-0.05990919
-0.10718210
-0.10718210
-0.10718210
-0.05896039
5
0.00000000
0.73333330
2.36666700
3.33333300
3.86666700
0.99812450
0.99270530
0.99270530
0.99270530
0.99823330
2
0.00000000
3.86666700
0.99999950
0.99999950
2
0.00000000
3.86666700
0.99999950
0.99999950
2
0.00000000
3.86666700
0.99999960
0.99999960
J_R_Skirt_00
2
0.00000000
3.86666700
-0.06847220
-0.06847220
2
0.00000000
3.86666700
0.07501754
0.07501754
2
0.00000000
3.86666700
-0.05734446
-0.05734446
8
0.00000000
0.40000000
0.73333330
2.36666700
3.30000000
3.50000000
3.76666700
3.86666700
-0.00762363
-0.19537060
-0.25629140
-0.25629140
-0.25629140
-0.19600460
-0.01682424
0.00782541
8
0.00000000
0.40000000
0.73333330
2.36666700
3.30000000
3.50000000
3.76666700
3.86666700
0.99879460
0.98008510
0.96595540
0.96595540
0.96595540
0.97998390
0.99902490
0.99907880
8
0.00000000
0.40000000
0.73333330
2.36666700
3.30000000
3.50000000
3.76666700
3.86666700
0.00049985
0.01497485
0.02161217
0.02161217
0.02161217
0.01593335
0.00139050
-0.00033048
8
0.00000000
0.40000000
0.73333330
2.36666700
3.30000000
3.50000000
3.76666700
3.86666700
-0.04187621
-0.03223899
-0.02789048
-0.02789048
-0.02789048
-0.03098097
-0.04079698
-0.04219488
2
0.00000000
3.86666700
1.00000000
1.00000000
2
0.00000000
3.86666700
1.00000000
1.00000000
2
0.00000000
3.86666700
1.00000000
1.00000000
J_R_Skirt_01
2
0.00000000
3.86666700
-0.14191030
-0.14191030
2
0.00000000
3.86666700
0.00000000
0.00000000
2
0.00000000
3.86666700
0.00000000
0.00000000
2
0.00000000
3.86666700
-0.00222164
-0.00222164
2
0.00000000
3.86666700
-0.03394822
-0.03394822
2
0.00000000
3.86666700
0.02104657
0.02104657
2
0.00000000
3.86666700
0.99919950
0.99919950
2
0.00000000
3.86666700
1.00000000
1.00000000
2
0.00000000
3.86666700
1.00000000
1.00000000
2
0.00000000
3.86666700
1.00000000
1.00000000
J_R_SusoFront_00
2
0.00000000
3.86666700
0.00000000
0.00000000
2
0.00000000
3.86666700
0.00000000
0.00000000
2
0.00000000
3.86666700
0.00000000
0.00000000
2
0.00000000
3.86666700
-0.00010818
-0.00010818
2
0.00000000
3.86666700
0.00735320
0.00735320
2
0.00000000
3.86666700
-0.05896014
-0.05896014
2
0.00000000
3.86666700
0.99823330
0.99823330
2
0.00000000
3.86666700
0.99999950
0.99999950
2
0.00000000
3.86666700
0.99999950
0.99999950
2
0.00000000
3.86666700
0.99999960
0.99999960
