111 MTH_DEF
1
0.00000000
1.28945800
1
0.00000000
-0.16327990
1
0.00000000
-0.01346737
1
0.00000000
-0.47192220
1
0.00000000
0.54678040
1
0.00000000
0.45703630
1
0.00000000
0.51907460
1
0.00000000
1.00000100
1
0.00000000
1.00000100
1
0.00000000
1.00000100
EYE_DEF
1
0.00000000
1.28945800
1
0.00000000
-0.16327990
1
0.00000000
-0.01346737
1
0.00000000
-0.47192220
1
0.00000000
0.54678040
1
0.00000000
0.45703630
1
0.00000000
0.51907460
1
0.00000000
1.00000100
1
0.00000000
1.00000100
1
0.00000000
1.00000100
EL_DEF
1
0.00000000
0.00000000
1
0.00000000
0.00000000
1
0.00000000
0.00000000
1
0.00000000
0.00000000
1
0.00000000
0.00000000
1
0.00000000
0.00000000
1
0.00000000
1.00000000
1
0.00000000
1.00000000
1
0.00000000
1.00000000
1
0.00000000
1.00000000
BLW_DEF
1
0.00000000
1.28945800
1
0.00000000
-0.16327990
1
0.00000000
-0.01346737
1
0.00000000
-0.47192220
1
0.00000000
0.54678040
1
0.00000000
0.45703630
1
0.00000000
0.51907460
1
0.00000000
1.00000100
1
0.00000000
1.00000100
1
0.00000000
1.00000100
Character1_Hips
24
0.00000000
0.03333334
0.06666666
0.10000000
0.13333330
0.16666670
0.20000000
0.23333330
0.26666670
0.30000000
0.33333330
0.36666670
0.40000000
0.43333330
0.46666670
0.50000000
0.53333330
0.56666670
0.60000000
0.66666660
0.70000000
0.73333330
0.76666670
0.80000000
-0.08249609
-0.08485115
-0.08721725
-0.08919639
-0.09084056
-0.09153729
-0.09184001
-0.09199310
-0.09204992
-0.09201610
-0.09196206
-0.09197622
-0.09223441
-0.09265181
-0.09274723
-0.09170080
-0.09030209
-0.08931699
-0.08877359
-0.08673612
-0.08522086
-0.08356023
-0.08200201
-0.08112457
24
0.00000000
0.03333334
0.06666666
0.10000000
0.13333330
0.16666670
0.20000000
0.23333330
0.26666670
0.30000000
0.33333330
0.36666670
0.40000000
0.43333330
0.46666670
0.50000000
0.53333330
0.56666670
0.60000000
0.66666660
0.70000000
0.73333330
0.76666670
0.80000000
0.82760610
0.83042200
0.84034030
0.85502960
0.86483220
0.86446820
0.86268870
0.84904370
0.83142400
0.82899910
0.82749240
0.82710310
0.82715590
0.82870720
0.83383160
0.84821510
0.86166950
0.86481830
0.86471800
0.85488490
0.84141980
0.83184370
0.82818720
0.82708830
24
0.00000000
0.03333334
0.06666666
0.10000000
0.13333330
0.16666670
0.20000000
0.23333330
0.26666670
0.30000000
0.33333330
0.36666670
0.40000000
0.43333330
0.46666670
0.50000000
0.53333330
0.56666670
0.60000000
0.66666660
0.70000000
0.73333330
0.76666670
0.80000000
-0.00401726
0.00330404
0.00905060
0.01189939
0.01295980
0.01074454
0.00701723
0.00303704
-0.00079439
-0.00468572
-0.00863238
-0.01064823
-0.00923168
-0.00216881
0.00545168
0.00970652
0.01260009
0.01315306
0.01278028
0.00723706
0.00320461
-0.00150175
-0.00609826
-0.00875562
2
0.00000000
0.80000000
0.72919210
0.72919190
2
0.00000000
0.80000000
-0.52105090
-0.52105060
2
0.00000000
0.80000000
-0.30614290
-0.30614310
2
0.00000000
0.80000000
0.32103210
0.32103260
2
0.00000000
0.80000000
0.99999940
0.99999940
2
0.00000000
0.80000000
0.99999930
0.99999930
2
0.00000000
0.80000000
0.99999960
0.99999960
Character1_LeftUpLeg
1
0.00000000
0.06031916
1
0.00000000
0.00207883
1
0.00000000
0.07298301
17
0.00000000
0.03333334
0.06666668
0.10000000
0.13333330
0.16666670
0.20000000
0.23333330
0.30000000
0.40000000
0.50000000
0.56666670
0.63333330
0.70000000
0.73333330
0.76666670
0.80000000
-0.40038110
-0.44286110
-0.49569620
-0.55066880
-0.54586890
-0.45366190
-0.35148790
-0.29561750
-0.31743820
-0.24617060
-0.03962415
0.06382514
-0.01699419
-0.15917280
-0.25598310
-0.34322150
-0.34629530
17
0.00000000
0.03333334
0.06666668
0.10000000
0.13333330
0.16666670
0.20000000
0.23333330
0.30000000
0.40000000
0.50000000
0.56666670
0.63333330
0.70000000
0.73333330
0.76666670
0.80000000
0.91227070
0.89222520
0.86241820
0.82498430
0.82328320
0.87476160
0.92237500
0.94455000
0.94032060
0.96486260
0.99586510
0.99370220
0.99752980
0.98610310
0.96518370
0.93675320
0.93442150
17
0.00000000
0.03333334
0.06666668
0.10000000
0.13333330
0.16666670
0.20000000
0.23333330
0.30000000
0.40000000
0.50000000
0.56666670
0.63333330
0.70000000
0.73333330
0.76666670
0.80000000
-0.08508420
-0.08446814
-0.09450969
-0.11189180
-0.13499080
-0.14412270
-0.14371260
-0.13281280
-0.11797440
-0.09175657
-0.05871769
-0.03548075
-0.03910710
-0.04756353
-0.05138354
-0.06706483
-0.08325297
17
0.00000000
0.03333334
0.06666668
0.10000000
0.13333330
0.16666670
0.20000000
0.23333330
0.30000000
0.40000000
0.50000000
0.56666670
0.63333330
0.70000000
0.73333330
0.76666670
0.80000000
-0.01475953
-0.02595118
-0.03984937
-0.06037506
-0.07752019
-0.09061778
-0.07090382
-0.05288098
-0.03335141
-0.00457288
0.05687653
0.08499133
0.05582294
-0.00159966
-0.01590352
-0.01395786
-0.00221416
2
0.00000000
0.80000000
1.00000000
1.00000000
2
0.00000000
0.80000000
1.00000000
1.00000000
2
0.00000000
0.80000000
1.00000000
1.00000000
Character1_LeftLeg
1
0.00000000
-0.35179780
1
0.00000000
-0.00801095
1
0.00000000
0.00514626
22
0.00000000
0.03333334
0.06666668
0.10000000
0.13333330
0.16666670
0.20000000
0.23333330
0.26666670
0.30000000
0.36666670
0.43333340
0.50000000
0.53333340
0.56666670
0.60000000
0.63333330
0.66666670
0.70000000
0.73333330
0.76666670
0.80000000
0.04769244
0.01206867
-0.00478564
0.01597088
0.07748700
0.14448430
0.16443900
0.16665800
0.15960680
0.14664100
0.14625880
0.15268710
0.13899520
0.12330320
0.09861326
0.06913408
0.04390864
0.02152636
0.00407957
0.00593178
0.03631191
0.08986097
22
0.00000000
0.03333334
0.06666668
0.10000000
0.13333330
0.16666670
0.20000000
0.23333330
0.26666670
0.30000000
0.36666670
0.43333340
0.50000000
0.53333340
0.56666670
0.60000000
0.63333330
0.66666670
0.70000000
0.73333330
0.76666670
0.80000000
0.01591838
-0.00592048
0.01414215
0.07123681
0.09940027
0.03975178
0.01060458
0.00792899
0.02873227
0.04881620
0.04898648
0.03044725
0.00179907
-0.01571907
-0.03844885
-0.06571674
-0.09323608
-0.13282810
-0.15463720
-0.13834510
-0.05140964
0.03549599
22
0.00000000
0.03333334
0.06666668
0.10000000
0.13333330
0.16666670
0.20000000
0.23333330
0.26666670
0.30000000
0.36666670
0.43333340
0.50000000
0.53333340
0.56666670
0.60000000
0.63333330
0.66666670
0.70000000
0.73333330
0.76666670
0.80000000
0.67170130
0.73438810
0.73444060
0.66346350
0.48079840
0.21223900
0.03182667
0.01995398
0.13136420
0.24871770
0.34053930
0.32729040
0.27504010
0.25504320
0.29059630
0.38847110
0.50836850
0.62486250
0.71335510
0.76507730
0.72438210
0.57488910
22
0.00000000
0.03333334
0.06666668
0.10000000
0.13333330
0.16666670
0.20000000
0.23333330
0.26666670
0.30000000
0.36666670
0.43333340
0.50000000
0.53333340
0.56666670
0.60000000
0.63333330
0.66666670
0.70000000
0.73333330
0.76666670
0.80000000
0.73911400
0.67859670
0.67850880
0.74463840
0.86772590
0.96565970
0.98581670
0.98578100
0.97797940
0.95616570
0.92749210
0.93200890
0.95133070
0.95890680
0.95097370
0.91651080
0.85495060
0.76905150
0.68351680
0.62887380
0.68651960
0.81250700
2
0.00000000
0.80000000
0.99999950
0.99999950
2
0.00000000
0.80000000
0.99999950
0.99999950
2
0.00000000
0.80000000
0.99999940
0.99999940
Character1_LeftFoot
1
0.00000000
-0.37866630
1
0.00000000
0.00382815
1
0.00000000
-0.00377702
21
0.00000000
0.03333334
0.06666668
0.10000000
0.13333330
0.16666670
0.20000000
0.23333330
0.26666670
0.30000000
0.36666670
0.43333340
0.46666670
0.50000000
0.53333340
0.60000000
0.66666670
0.70000000
0.73333330
0.76666670
0.80000000
0.03970579
0.04363848
0.04509351
0.04607445
0.03667132
0.02236498
0.01160556
0.01356134
0.02090998
0.02769361
0.03314570
0.03285530
0.03090793
0.02824475
0.02626739
0.02386755
0.02426599
0.02586113
0.02669015
0.03571958
0.03675550
21
0.00000000
0.03333334
0.06666668
0.10000000
0.13333330
0.16666670
0.20000000
0.23333330
0.26666670
0.30000000
0.36666670
0.43333340
0.46666670
0.50000000
0.53333340
0.60000000
0.66666670
0.70000000
0.73333330
0.76666670
0.80000000
-0.15365050
-0.16890230
-0.18352420
-0.17792920
-0.14024380
-0.07800566
-0.05080914
-0.05381272
-0.08046551
-0.10398570
-0.12118390
-0.11887640
-0.11256590
-0.10663090
-0.10209580
-0.10304080
-0.10097720
-0.10091870
-0.11780230
-0.14037010
-0.13948430
21
0.00000000
0.03333334
0.06666668
0.10000000
0.13333330
0.16666670
0.20000000
0.23333330
0.26666670
0.30000000
0.36666670
0.43333340
0.46666670
0.50000000
0.53333340
0.60000000
0.66666670
0.70000000
0.73333330
0.76666670
0.80000000
-0.19100150
-0.11130610
-0.06927753
-0.13572360
-0.24194360
-0.26500800
-0.18761400
-0.17471150
-0.22898100
-0.29735360
-0.37351160
-0.41333680
-0.38510980
-0.28734480
-0.15717140
-0.00534636
-0.03679638
-0.06535517
-0.09014238
-0.17721570
-0.26994090
21
0.00000000
0.03333334
0.06666668
0.10000000
0.13333330
0.16666670
0.20000000
0.23333330
0.26666670
0.30000000
0.36666670
0.43333340
0.46666670
0.50000000
0.53333340
0.60000000
0.66666670
0.70000000
0.73333330
0.76666670
0.80000000
0.96867610
0.97835510
0.97953360
0.97354890
0.95940100
0.96082560
0.98085920
0.98305450
0.96987410
0.94868380
0.91907830
0.90218720
0.91545840
0.95145420
0.98192850
0.99437640
0.99391190
0.99240890
0.98857710
0.97345520
0.95201110
2
0.00000000
0.80000000
0.99999990
0.99999990
2
0.00000000
0.80000000
0.99999960
0.99999960
2
0.00000000
0.80000000
1.00000000
1.00000000
Character1_LeftToeBase
1
0.00000000
-0.08429568
1
0.00000000
0.04771042
1
0.00000000
-0.00392169
2
0.00000000
0.80000000
-0.02381142
-0.02381142
2
0.00000000
0.80000000
0.01439191
0.01439191
2
0.00000000
0.80000000
-0.51871630
-0.51871630
2
0.00000000
0.80000000
0.85449360
0.85449360
2
0.00000000
0.80000000
1.00000000
1.00000000
2
0.00000000
0.80000000
0.99999980
0.99999980
2
0.00000000
0.80000000
1.00000000
1.00000000
Character1_RightUpLeg
1
0.00000000
0.06083579
1
0.00000000
0.00207879
1
0.00000000
-0.07255261
20
0.00000000
0.06666668
0.10000000
0.13333330
0.16666670
0.20000000
0.23333330
0.26666670
0.30000000
0.33333330
0.40000000
0.46666670
0.50000000
0.53333340
0.56666670
0.60000000
0.63333330
0.70000000
0.73333330
0.80000000
-0.15340150
-0.00501836
0.09607086
0.13487050
0.16702790
0.05147189
-0.01169409
-0.03291468
-0.10495500
-0.20339050
-0.33568450
-0.45977760
-0.52087690
-0.52317660
-0.44697210
-0.28762720
-0.23861990
-0.19169140
-0.22129430
-0.19709850
20
0.00000000
0.06666668
0.10000000
0.13333330
0.16666670
0.20000000
0.23333330
0.26666670
0.30000000
0.33333330
0.40000000
0.46666670
0.50000000
0.53333340
0.56666670
0.60000000
0.63333330
0.70000000
0.73333330
0.80000000
0.98744220
0.99663350
0.98943880
0.98192720
0.97462230
0.99021700
0.99242470
0.99314710
0.99023970
0.97738700
0.94162200
0.88667210
0.85103400
0.84738230
0.88850840
0.95112430
0.96753130
0.97999470
0.97441640
0.98011350
20
0.00000000
0.06666668
0.10000000
0.13333330
0.16666670
0.20000000
0.23333330
0.26666670
0.30000000
0.33333330
0.40000000
0.46666670
0.50000000
0.53333340
0.56666670
0.60000000
0.63333330
0.70000000
0.73333330
0.80000000
0.00364173
0.02726577
0.04587597
0.05988602
0.06951743
0.05582184
0.04528700
0.03517269
0.02276188
0.00256776
-0.02397843
-0.04415283
-0.05471290
-0.06564052
-0.06647593
-0.07238876
-0.05489174
-0.03881551
-0.03226145
-0.01255924
20
0.00000000
0.06666668
0.10000000
0.13333330
0.16666670
0.20000000
0.23333330
0.26666670
0.30000000
0.33333330
0.40000000
0.46666670
0.50000000
0.53333340
0.56666670
0.60000000
0.63333330
0.70000000
0.73333330
0.80000000
0.03758423
0.07715586
0.09837022
0.11850220
0.13183480
0.11706740
0.11360300
0.10648190
0.08883557
0.05779533
0.00944039
-0.02162795
-0.03787849
-0.06261570
-0.07968578
-0.08598372
-0.06269483
-0.03685277
-0.02237553
0.01928881
2
0.00000000
0.80000000
1.00000000
1.00000000
2
0.00000000
0.80000000
1.00000000
1.00000000
2
0.00000000
0.80000000
1.00000000
1.00000000
Character1_RightLeg
1
0.00000000
-0.35136370
1
0.00000000
-0.00801128
1
0.00000000
-0.01823371
23
0.00000000
0.06666668
0.10000000
0.13333330
0.16666670
0.20000000
0.23333330
0.26666670
0.30000000
0.33333330
0.36666670
0.40000000
0.43333340
0.46666670
0.50000000
0.53333340
0.56666670
0.60000000
0.63333330
0.66666670
0.70000000
0.73333330
0.80000000
0.14547880
0.15578160
0.17004970
0.17673490
0.18032270
0.14146250
0.09212994
0.06241089
0.04084602
0.01611655
0.00569982
-0.01047750
-0.03903730
-0.05749689
-0.03983064
0.01834944
0.08847538
0.15365840
0.15974200
0.16343690
0.16129790
0.15109980
0.14022870
23
0.00000000
0.06666668
0.10000000
0.13333330
0.16666670
0.20000000
0.23333330
0.26666670
0.30000000
0.33333330
0.36666670
0.40000000
0.43333340
0.46666670
0.50000000
0.53333340
0.56666670
0.60000000
0.63333330
0.66666670
0.70000000
0.73333330
0.80000000
0.02953462
0.00655524
-0.00812279
-0.00852806
-0.00925190
-0.02814216
-0.04811864
-0.06805373
-0.05716987
-0.03584456
-0.01352308
-0.00813678
-0.01431301
-0.00501384
0.05730353
0.09572504
0.07645349
0.00172124
0.00353355
0.00066099
0.00688040
0.02713320
0.03410579
23
0.00000000
0.06666668
0.10000000
0.13333330
0.16666670
0.20000000
0.23333330
0.26666670
0.30000000
0.33333330
0.36666670
0.40000000
0.43333340
0.46666670
0.50000000
0.53333340
0.56666670
0.60000000
0.63333330
0.66666670
0.70000000
0.73333330
0.80000000
0.26042660
0.14849280
0.03757149
0.04200042
0.03946714
0.32795750
0.50880830
0.58079520
0.60338850
0.60251760
0.58142290
0.61997070
0.72520370
0.78764180
0.74525480
0.60213340
0.36542130
0.04564559
0.05737416
0.04621843
0.08180066
0.19368690
0.26600450
23
0.00000000
0.06666668
0.10000000
0.13333330
0.16666670
0.20000000
0.23333330
0.26666670
0.30000000
0.33333330
0.36666670
0.40000000
0.43333340
0.46666670
0.50000000
0.53333340
0.56666670
0.60000000
0.63333330
0.66666670
0.70000000
0.73333330
0.80000000
0.95401340
0.97654440
0.98468550
0.98332500
0.98277180
0.93361680
0.85458230
0.80879570
0.79434590
0.79713740
0.81346910
0.78451280
0.68727790
0.61342430
0.66311780
0.79242370
0.92346860
0.98706770
0.98548380
0.98547040
0.98348580
0.96897780
0.95310770
2
0.00000000
0.80000000
1.00000000
1.00000000
2
0.00000000
0.80000000
1.00000000
1.00000000
2
0.00000000
0.80000000
1.00000000
1.00000000
Character1_RightFoot
1
0.00000000
-0.37854540
1
0.00000000
0.00382444
1
0.00000000
-0.01031455
22
0.00000000
0.06666668
0.10000000
0.13333330
0.16666670
0.20000000
0.23333330
0.26666670
0.33333330
0.36666670
0.40000000
0.43333340
0.46666670
0.50000000
0.53333340
0.56666670
0.60000000
0.63333330
0.66666670
0.70000000
0.73333330
0.80000000
0.02767999
0.01308691
0.00393597
0.00021680
-0.00320359
0.00158487
0.01305648
0.01932671
0.03301015
0.03849011
0.04181986
0.04905563
0.05629957
0.06009988
0.05387110
0.05280115
0.02501875
0.02687069
0.02610658
0.02798317
0.03261461
0.03131157
22
0.00000000
0.06666668
0.10000000
0.13333330
0.16666670
0.20000000
0.23333330
0.26666670
0.33333330
0.36666670
0.40000000
0.43333340
0.46666670
0.50000000
0.53333340
0.56666670
0.60000000
0.63333330
0.66666670
0.70000000
0.73333330
0.80000000
-0.09825123
-0.07127244
-0.05046955
-0.04640538
-0.04444535
-0.07363286
-0.10512990
-0.11761140
-0.17508190
-0.19279810
-0.20510710
-0.21606710
-0.22814070
-0.23692950
-0.21398310
-0.16993640
-0.10628000
-0.10298970
-0.09794275
-0.10132180
-0.11506980
-0.10354070
22
0.00000000
0.06666668
0.10000000
0.13333330
0.16666670
0.20000000
0.23333330
0.26666670
0.33333330
0.36666670
0.40000000
0.43333340
0.46666670
0.50000000
0.53333340
0.56666670
0.60000000
0.63333330
0.66666670
0.70000000
0.73333330
0.80000000
-0.32778870
-0.10001690
0.05996221
0.16998160
0.28151420
0.25421840
0.23125230
0.20155310
0.20545910
0.21012800
0.14927600
0.00971184
-0.12824670
-0.20225440
-0.26184970
-0.28394670
-0.19914420
-0.25662010
-0.26874350
-0.29438150
-0.35091950
-0.40077320
22
0.00000000
0.06666668
0.10000000
0.13333330
0.16666670
0.20000000
0.23333330
0.26666670
0.33333330
0.36666670
0.40000000
0.43333340
0.46666670
0.50000000
0.53333340
0.56666670
0.60000000
0.63333330
0.66666670
0.70000000
0.73333330
0.80000000
0.93922050
0.99234350
0.99691620
0.98435400
0.95852180
0.96433850
0.96710890
0.97219880
0.96231140
0.95770230
0.96638450
0.97509710
0.96350140
0.94833830
0.93954450
0.94218260
0.97386870
0.96063380
0.95786360
0.94988970
0.92873610
0.90976910
2
0.00000000
0.80000000
0.99999970
0.99999970
2
0.00000000
0.80000000
0.99999950
0.99999950
2
0.00000000
0.80000000
0.99999980
0.99999980
Character1_RightToeBase
1
0.00000000
-0.08439235
1
0.00000000
0.04766033
1
0.00000000
0.00202567
2
0.00000000
0.80000000
-0.00003086
-0.00003086
2
0.00000000
0.80000000
-0.00005088
-0.00005088
2
0.00000000
0.80000000
-0.51891710
-0.51891710
2
0.00000000
0.80000000
0.85482460
0.85482460
2
0.00000000
0.80000000
1.00000000
1.00000000
2
0.00000000
0.80000000
0.99999980
0.99999980
2
0.00000000
0.80000000
0.99999990
0.99999990
Character1_Spine
1
0.00000000
-0.02271334
1
0.00000000
0.00818150
1
0.00000000
-0.00008070
5
0.00000000
0.20000000
0.43333340
0.70000000
0.80000000
-0.04767666
-0.04634166
-0.04750013
-0.04677567
-0.04763321
5
0.00000000
0.20000000
0.43333340
0.70000000
0.80000000
-0.03929682
-0.04095272
-0.03960789
-0.04046719
-0.03944313
5
0.00000000
0.20000000
0.43333340
0.70000000
0.80000000
0.00031904
-0.03226150
-0.00370006
-0.02185778
-0.00025414
5
0.00000000
0.20000000
0.43333340
0.70000000
0.80000000
0.99808950
0.99756430
0.99807880
0.99784600
0.99808580
2
0.00000000
0.80000000
1.00000000
1.00000000
2
0.00000000
0.80000000
1.00000000
1.00000000
2
0.00000000
0.80000000
1.00000000
1.00000000
Character1_Spine1
1
0.00000000
-0.09134354
1
0.00000000
0.00175515
1
0.00000000
-0.00000001
5
0.00000000
0.23333330
0.46666670
0.70000000
0.80000000
-0.01218113
-0.01223324
-0.01219318
-0.01222051
-0.01217662
5
0.00000000
0.23333330
0.46666670
0.70000000
0.80000000
-0.00283630
-0.00259451
-0.00277439
-0.00264773
-0.00285982
5
0.00000000
0.23333330
0.46666670
0.70000000
0.80000000
-0.04488700
-0.02510617
-0.03983873
-0.02947060
-0.04677799
5
0.00000000
0.23333330
0.46666670
0.70000000
0.80000000
0.99891380
0.99960650
0.99912790
0.99948750
0.99882700
2
0.00000000
0.80000000
1.00000000
1.00000000
2
0.00000000
0.80000000
1.00000000
1.00000000
2
0.00000000
0.80000000
1.00000000
1.00000000
Character1_Spine2
1
0.00000000
-0.08766678
1
0.00000000
-0.00030447
1
0.00000000
-0.00000002
5
0.00000000
0.20000000
0.43333340
0.70000000
0.80000000
0.13542700
0.17225470
0.12051440
0.09995481
0.13196480
5
0.00000000
0.20000000
0.43333340
0.70000000
0.80000000
0.07967734
0.09695347
0.07569380
0.07187601
0.07898946
5
0.00000000
0.20000000
0.43333340
0.70000000
0.80000000
-0.01493049
-0.02490198
-0.00608859
-0.00736687
-0.00715761
5
0.00000000
0.20000000
0.43333340
0.70000000
0.80000000
0.98746550
0.97995320
0.98980280
0.99236520
0.98807630
2
0.00000000
0.80000000
0.99999970
0.99999970
2
0.00000000
0.80000000
0.99999970
0.99999970
2
0.00000000
0.80000000
1.00000000
1.00000000
Character1_LeftShoulder
1
0.00000000
-0.12236680
1
0.00000000
-0.00139498
1
0.00000000
0.04222679
3
0.00000000
0.60000000
0.80000000
0.16056260
0.16067360
0.16272080
3
0.00000000
0.60000000
0.80000000
0.69552830
0.69604020
0.70550590
3
0.00000000
0.60000000
0.80000000
-0.06196285
-0.06190809
-0.06088532
3
0.00000000
0.60000000
0.80000000
0.69758200
0.69705050
0.68707810
2
0.00000000
0.80000000
0.99999990
0.99999990
2
0.00000000
0.80000000
1.00000000
1.00000000
2
0.00000000
0.80000000
1.00000000
1.00000000
Character1_LeftArm
1
0.00000000
-0.05543689
1
0.00000000
-0.00000005
1
0.00000000
0.00000092
8
0.00000000
0.10000000
0.20000000
0.36666670
0.56666670
0.66666670
0.76666670
0.80000000
0.12877160
0.05672341
0.02709620
0.06320466
0.12773220
0.13073120
0.13893220
0.14037970
8
0.00000000
0.10000000
0.20000000
0.36666670
0.56666670
0.66666670
0.76666670
0.80000000
0.54541190
0.57111960
0.57934540
0.54433540
0.51435430
0.52004360
0.53605510
0.53798200
8
0.00000000
0.10000000
0.20000000
0.36666670
0.56666670
0.66666670
0.76666670
0.80000000
-0.04039702
0.08139597
0.13362450
-0.03926498
-0.24934630
-0.19567500
-0.06929050
-0.05494133
8
0.00000000
0.10000000
0.20000000
0.36666670
0.56666670
0.66666670
0.76666670
0.80000000
0.82723140
0.81484940
0.80359760
0.83556120
0.81052490
0.82108190
0.82978400
0.82936740
2
0.00000000
0.80000000
0.99999970
0.99999970
2
0.00000000
0.80000000
0.99999990
0.99999990
2
0.00000000
0.80000000
0.99999980
0.99999980
Character1_LeftForeArm
1
0.00000000
-0.23377720
1
0.00000000
0.00001719
1
0.00000000
0.00001175
9
0.00000000
0.03333334
0.06666668
0.10000000
0.16666670
0.23333330
0.46666670
0.66666670
0.80000000
-0.10872930
-0.11117520
-0.09961714
-0.08786083
-0.08158404
-0.08602665
-0.14404410
-0.14389570
-0.11358290
9
0.00000000
0.03333334
0.06666668
0.10000000
0.16666670
0.23333330
0.46666670
0.66666670
0.80000000
0.00714388
0.00165594
0.00846191
0.01441625
0.01243515
0.01140435
-0.01428387
-0.02589034
0.00320953
9
0.00000000
0.03333334
0.06666668
0.10000000
0.16666670
0.23333330
0.46666670
0.66666670
0.80000000
-0.75287570
-0.70485840
-0.65592550
-0.58282140
-0.49272410
-0.50156610
-0.65479530
-0.75107960
-0.76915120
9
0.00000000
0.03333334
0.06666668
0.10000000
0.16666670
0.23333330
0.46666670
0.66666670
0.80000000
0.64908020
0.70057980
0.74817560
0.80770780
0.86626340
0.86075600
0.74181560
0.64381930
0.62888410
2
0.00000000
0.80000000
1.00000000
1.00000000
2
0.00000000
0.80000000
0.99999990
0.99999990
2
0.00000000
0.80000000
1.00000000
1.00000000
Character1_LeftHand
1
0.00000000
-0.16248190
1
0.00000000
-0.00000064
1
0.00000000
0.00000025
7
0.00000000
0.13333330
0.16666670
0.23333330
0.56666670
0.73333330
0.80000000
0.03949017
-0.00547847
-0.01854925
-0.00949208
0.04770854
0.05060497
0.05009573
7
0.00000000
0.13333330
0.16666670
0.23333330
0.56666670
0.73333330
0.80000000
0.04739373
-0.04380057
-0.06989248
-0.04972683
0.07826414
0.07460305
0.06894384
7
0.00000000
0.13333330
0.16666670
0.23333330
0.56666670
0.73333330
0.80000000
-0.10312080
-0.26850740
-0.31436230
-0.29663900
-0.16970640
-0.09406522
-0.06300942
7
0.00000000
0.13333330
0.16666670
0.23333330
0.56666670
0.73333330
0.80000000
0.99275400
0.96226570
0.94654490
0.95364690
0.98122290
0.99147630
0.99436770
2
0.00000000
0.80000000
1.00000000
1.00000000
2
0.00000000
0.80000000
1.00000000
1.00000000
2
0.00000000
0.80000000
1.00000000
1.00000000
Character1_LeftHandThumb1
1
0.00000000
-0.02476070
1
0.00000000
0.01826633
1
0.00000000
0.01423601
2
0.00000000
0.80000000
0.81820230
0.81820210
2
0.00000000
0.80000000
-0.15433370
-0.15433380
2
0.00000000
0.80000000
-0.28779590
-0.28779610
2
0.00000000
0.80000000
0.47318030
0.47318070
2
0.00000000
0.80000000
0.99999960
0.99999960
2
0.00000000
0.80000000
0.99999990
0.99999990
2
0.00000000
0.80000000
1.00000000
1.00000000
Character1_LeftHandThumb2
1
0.00000000
-0.03214544
1
0.00000000
0.00198593
1
0.00000000
0.00152295
2
0.00000000
0.80000000
-0.00077367
-0.00077316
2
0.00000000
0.80000000
0.16337280
0.16337310
2
0.00000000
0.80000000
-0.09088067
-0.09088119
2
0.00000000
0.80000000
0.98236930
0.98236920
2
0.00000000
0.80000000
0.99999990
0.99999990
2
0.00000000
0.80000000
1.00000000
1.00000000
2
0.00000000
0.80000000
0.99999980
0.99999980
Character1_LeftHandThumb3
1
0.00000000
-0.01756597
1
0.00000000
-0.00100338
1
0.00000000
0.00008474
2
0.00000000
0.80000000
-0.01560860
-0.01560851
2
0.00000000
0.80000000
0.21749160
0.21749110
2
0.00000000
0.80000000
-0.01221665
-0.01221715
2
0.00000000
0.80000000
0.97586100
0.97586100
2
0.00000000
0.80000000
0.99999990
0.99999990
2
0.00000000
0.80000000
1.00000000
1.00000000
2
0.00000000
0.80000000
1.00000000
1.00000000
Character1_LeftHandThumb4
1
0.00000000
-0.02630421
1
0.00000000
-0.00114385
1
0.00000000
-0.00057086
2
0.00000000
0.80000000
-0.02557532
-0.02557532
2
0.00000000
0.80000000
-0.01064174
-0.01064174
2
0.00000000
0.80000000
0.02615063
0.02615063
2
0.00000000
0.80000000
0.99927410
0.99927410
2
0.00000000
0.80000000
1.00000100
1.00000100
2
0.00000000
0.80000000
1.00000000
1.00000000
2
0.00000000
0.80000000
1.00000000
1.00000000
Character1_LeftHandIndex1
1
0.00000000
-0.08074935
1
0.00000000
0.02571336
1
0.00000000
-0.00142829
2
0.00000000
0.80000000
0.17928810
0.17928820
2
0.00000000
0.80000000
0.11765810
0.11765870
2
0.00000000
0.80000000
0.17525770
0.17525730
2
0.00000000
0.80000000
0.96088350
0.96088350
2
0.00000000
0.80000000
0.99999920
0.99999920
2
0.00000000
0.80000000
0.99999990
0.99999990
2
0.00000000
0.80000000
0.99999970
0.99999970
Character1_LeftHandIndex2
1
0.00000000
-0.02426037
1
0.00000000
0.00250706
1
0.00000000
-0.00118660
2
0.00000000
0.80000000
0.00667502
0.00667471
2
0.00000000
0.80000000
0.39673990
0.39673980
2
0.00000000
0.80000000
-0.00042825
-0.00042762
2
0.00000000
0.80000000
0.91790670
0.91790680
2
0.00000000
0.80000000
0.99999990
0.99999990
2
0.00000000
0.80000000
0.99999980
0.99999980
2
0.00000000
0.80000000
0.99999980
0.99999980
Character1_LeftHandIndex3
1
0.00000000
-0.01609668
1
0.00000000
0.00011821
1
0.00000000
-0.00045832
2
0.00000000
0.80000000
0.03006438
0.03006490
2
0.00000000
0.80000000
0.53820410
0.53820350
2
0.00000000
0.80000000
0.03332449
0.03332452
2
0.00000000
0.80000000
0.84161870
0.84161900
2
0.00000000
0.80000000
0.99999990
0.99999990
2
0.00000000
0.80000000
0.99999990
0.99999990
2
0.00000000
0.80000000
0.99999990
0.99999990
Character1_LeftHandIndex4
1
0.00000000
-0.02124970
1
0.00000000
0.00100698
1
0.00000000
0.00163699
2
0.00000000
0.80000000
-0.71534960
-0.71534960
2
0.00000000
0.80000000
-0.02409541
-0.02409541
2
0.00000000
0.80000000
0.02390490
0.02390490
2
0.00000000
0.80000000
0.69794190
0.69794190
2
0.00000000
0.80000000
1.00000000
1.00000000
2
0.00000000
0.80000000
0.99999950
0.99999950
2
0.00000000
0.80000000
0.99999950
0.99999950
Character1_LeftHandMiddle1
1
0.00000000
-0.08069598
1
0.00000000
0.00582164
1
0.00000000
-0.00602124
2
0.00000000
0.80000000
0.09069643
0.09069688
2
0.00000000
0.80000000
0.08381378
0.08381407
2
0.00000000
0.80000000
0.08720854
0.08720858
2
0.00000000
0.80000000
0.98850600
0.98850590
2
0.00000000
0.80000000
0.99999980
0.99999980
2
0.00000000
0.80000000
1.00000000
1.00000000
2
0.00000000
0.80000000
0.99999990
0.99999990
Character1_LeftHandMiddle2
1
0.00000000
-0.02506312
1
0.00000000
0.00148199
1
0.00000000
0.00379354
2
0.00000000
0.80000000
-0.01497157
-0.01497203
2
0.00000000
0.80000000
0.58708730
0.58708670
2
0.00000000
0.80000000
0.06528651
0.06528577
2
0.00000000
0.80000000
0.80674790
0.80674830
2
0.00000000
0.80000000
0.99999960
0.99999960
2
0.00000000
0.80000000
0.99999970
0.99999970
2
0.00000000
0.80000000
0.99999960
0.99999960
Character1_LeftHandMiddle3
1
0.00000000
-0.01943113
1
0.00000000
-0.00006784
1
0.00000000
0.00016170
2
0.00000000
0.80000000
-0.00338160
-0.00338128
2
0.00000000
0.80000000
0.68999360
0.68999370
2
0.00000000
0.80000000
0.17826730
0.17826670
2
0.00000000
0.80000000
0.70151130
0.70151140
2
0.00000000
0.80000000
0.99999960
0.99999960
2
0.00000000
0.80000000
0.99999980
0.99999980
2
0.00000000
0.80000000
0.99999980
0.99999980
Character1_LeftHandMiddle4
1
0.00000000
-0.02201366
1
0.00000000
0.00091102
1
0.00000000
0.00011726
2
0.00000000
0.80000000
-0.70595040
-0.70595040
2
0.00000000
0.80000000
0.03399268
0.03399268
2
0.00000000
0.80000000
0.00647478
0.00647478
2
0.00000000
0.80000000
0.70741550
0.70741550
2
0.00000000
0.80000000
1.00000000
1.00000000
2
0.00000000
0.80000000
0.99999970
0.99999970
2
0.00000000
0.80000000
0.99999960
0.99999960
Character1_LeftHandRing1
1
0.00000000
-0.07679258
1
0.00000000
-0.01262621
1
0.00000000
-0.00624610
2
0.00000000
0.80000000
-0.10424210
-0.10424170
2
0.00000000
0.80000000
0.34738720
0.34738720
2
0.00000000
0.80000000
0.06581531
0.06581529
2
0.00000000
0.80000000
0.92958280
0.92958280
2
0.00000000
0.80000000
0.99999960
0.99999960
2
0.00000000
0.80000000
1.00000000
1.00000000
2
0.00000000
0.80000000
0.99999970
0.99999970
Character1_LeftHandRing2
1
0.00000000
-0.02368266
1
0.00000000
-0.00075405
1
0.00000000
0.00109833
2
0.00000000
0.80000000
0.05328199
0.05328185
2
0.00000000
0.80000000
0.31258200
0.31258180
2
0.00000000
0.80000000
0.11128810
0.11128790
2
0.00000000
0.80000000
0.94184320
0.94184330
2
0.00000000
0.80000000
0.99999930
0.99999930
2
0.00000000
0.80000000
0.99999950
0.99999950
2
0.00000000
0.80000000
0.99999960
0.99999960
Character1_LeftHandRing3
1
0.00000000
-0.01590740
1
0.00000000
0.00016659
1
0.00000000
-0.00086092
2
0.00000000
0.80000000
-0.07731232
-0.07731095
2
0.00000000
0.80000000
0.76504040
0.76504090
2
0.00000000
0.80000000
0.35164550
0.35164530
2
0.00000000
0.80000000
0.53393020
0.53392990
2
0.00000000
0.80000000
0.99999970
0.99999970
2
0.00000000
0.80000000
0.99999960
0.99999960
2
0.00000000
0.80000000
0.99999960
0.99999960
Character1_LeftHandRing4
1
0.00000000
-0.02522655
1
0.00000000
-0.00011562
1
0.00000000
-0.00238417
2
0.00000000
0.80000000
0.00333163
0.00333163
2
0.00000000
0.80000000
-0.01695370
-0.01695370
2
0.00000000
0.80000000
-0.00262045
-0.00262045
2
0.00000000
0.80000000
0.99984730
0.99984730
2
0.00000000
0.80000000
1.00000000
1.00000000
2
0.00000000
0.80000000
1.00000000
1.00000000
2
0.00000000
0.80000000
1.00000000
1.00000000
Character1_LeftHandPinky1
1
0.00000000
-0.06575284
1
0.00000000
-0.02783560
1
0.00000000
-0.00228359
2
0.00000000
0.80000000
-0.21270780
-0.21270840
2
0.00000000
0.80000000
0.12020920
0.12020990
2
0.00000000
0.80000000
-0.00770660
-0.00770586
2
0.00000000
0.80000000
0.96966270
0.96966250
2
0.00000000
0.80000000
0.99999950
0.99999950
2
0.00000000
0.80000000
0.99999990
0.99999990
2
0.00000000
0.80000000
0.99999950
0.99999950
Character1_LeftHandPinky2
1
0.00000000
-0.01809678
1
0.00000000
0.00013280
1
0.00000000
-0.00001445
2
0.00000000
0.80000000
0.01212973
0.01212981
2
0.00000000
0.80000000
0.25026350
0.25026350
2
0.00000000
0.80000000
0.16384990
0.16384960
2
0.00000000
0.80000000
0.95413540
0.95413540
2
0.00000000
0.80000000
1.00000000
1.00000000
2
0.00000000
0.80000000
1.00000000
1.00000000
2
0.00000000
0.80000000
1.00000000
1.00000000
Character1_LeftHandPinky3
1
0.00000000
-0.01391071
1
0.00000000
0.00000276
1
0.00000000
0.00024778
2
0.00000000
0.80000000
-0.00982342
-0.00982293
2
0.00000000
0.80000000
0.67021520
0.67021450
2
0.00000000
0.80000000
0.38580070
0.38580100
2
0.00000000
0.80000000
0.63393450
0.63393500
2
0.00000000
0.80000000
1.00000000
1.00000000
2
0.00000000
0.80000000
1.00000000
1.00000000
2
0.00000000
0.80000000
1.00000000
1.00000000
Character1_LeftHandPinky4
1
0.00000000
-0.01920933
1
0.00000000
-0.00029924
1
0.00000000
-0.00002338
2
0.00000000
0.80000000
-0.04783580
-0.04783580
2
0.00000000
0.80000000
-0.00384246
-0.00384246
2
0.00000000
0.80000000
0.00305436
0.00305436
2
0.00000000
0.80000000
0.99884320
0.99884320
2
0.00000000
0.80000000
1.00000000
1.00000000
2
0.00000000
0.80000000
1.00000000
1.00000000
2
0.00000000
0.80000000
0.99999990
0.99999990
J_L_Sode_D00
2
0.00000000
0.80000000
-0.04395507
-0.04395507
2
0.00000000
0.80000000
0.00271871
0.00271871
2
0.00000000
0.80000000
0.03898804
0.03898804
5
0.00000000
0.20000000
0.40000000
0.63333330
0.80000000
0.69952580
0.69448280
0.69980280
0.69241910
0.69991230
5
0.00000000
0.20000000
0.40000000
0.63333330
0.80000000
0.09666064
0.12746890
0.09250329
0.10314680
0.09306704
5
0.00000000
0.20000000
0.40000000
0.63333330
0.80000000
0.00198118
-0.03093808
0.00242018
-0.03807960
0.00375147
5
0.00000000
0.20000000
0.40000000
0.63333330
0.80000000
0.70803710
0.70745190
0.70831730
0.71306840
0.70812940
2
0.00000000
0.80000000
1.00000100
1.00000100
2
0.00000000
0.80000000
1.00000100
1.00000100
2
0.00000000
0.80000000
1.00000000
1.00000000
J_L_Sode_A00
2
0.00000000
0.80000000
-0.04704522
-0.04704522
2
0.00000000
0.80000000
0.03601032
0.03601032
2
0.00000000
0.80000000
0.00102944
0.00102944
7
0.00000000
0.03333334
0.20000000
0.36666670
0.53333340
0.70000000
0.80000000
-0.06058268
-0.05986100
-0.05478503
-0.06136928
-0.06113296
-0.06157972
-0.06148328
7
0.00000000
0.03333334
0.20000000
0.36666670
0.53333340
0.70000000
0.80000000
-0.05968402
-0.06394426
-0.06827825
-0.06247667
-0.02349496
-0.03981324
-0.06227130
7
0.00000000
0.03333334
0.20000000
0.36666670
0.53333340
0.70000000
0.80000000
-0.09222727
-0.10932680
-0.18497470
-0.08565049
-0.11450830
-0.10175290
-0.08372799
7
0.00000000
0.03333334
0.20000000
0.36666670
0.53333340
0.70000000
0.80000000
0.99216490
0.99013910
0.97883660
0.99246890
0.99126110
0.99210350
0.99263880
2
0.00000000
0.80000000
1.00000100
1.00000100
2
0.00000000
0.80000000
1.00000100
1.00000100
2
0.00000000
0.80000000
1.00000000
1.00000000
J_L_Sode_B00
2
0.00000000
0.80000000
-0.04425104
-0.04425104
2
0.00000000
0.80000000
0.00025279
0.00025279
2
0.00000000
0.80000000
-0.03773062
-0.03773062
5
0.00000000
0.20000000
0.36666670
0.60000000
0.80000000
-0.65869330
-0.65623310
-0.65872680
-0.65858860
-0.65872820
5
0.00000000
0.20000000
0.36666670
0.60000000
0.80000000
-0.01534473
-0.05876477
-0.01288545
-0.01811016
-0.01199913
5
0.00000000
0.20000000
0.36666670
0.60000000
0.80000000
-0.00860716
-0.05821589
-0.00579762
-0.01176411
-0.00478490
5
0.00000000
0.20000000
0.36666670
0.60000000
0.80000000
0.75220580
0.75001060
0.75224960
0.75219330
0.75227010
2
0.00000000
0.80000000
1.00000100
1.00000100
2
0.00000000
0.80000000
1.00000100
1.00000100
2
0.00000000
0.80000000
1.00000000
1.00000000
J_L_Sode_C00
2
0.00000000
0.80000000
-0.04138999
-0.04138999
2
0.00000000
0.80000000
-0.04891023
-0.04891023
2
0.00000000
0.80000000
0.01278888
0.01278888
5
0.00000000
0.20000000
0.40000000
0.70000000
0.80000000
0.98869880
0.97913320
0.99027710
0.99154150
0.98980840
5
0.00000000
0.20000000
0.40000000
0.70000000
0.80000000
0.13927340
0.19174810
0.13159790
0.12167170
0.13504830
5
0.00000000
0.20000000
0.40000000
0.70000000
0.80000000
0.05375993
0.06604023
0.04338276
0.04334867
0.04351503
5
0.00000000
0.20000000
0.40000000
0.70000000
0.80000000
-0.01369356
-0.01301758
-0.01229564
-0.01274433
-0.01215104
2
0.00000000
0.80000000
1.00000100
1.00000100
2
0.00000000
0.80000000
1.00000000
1.00000000
2
0.00000000
0.80000000
1.00000100
1.00000100
Character1_RightShoulder
1
0.00000000
-0.12245480
1
0.00000000
-0.00014977
1
0.00000000
-0.04199364
4
0.00000000
0.13333330
0.60000000
0.80000000
-0.10148180
-0.08587846
-0.10074560
-0.10604050
4
0.00000000
0.13333330
0.60000000
0.80000000
-0.69062100
-0.66818460
-0.68984480
-0.69710250
4
0.00000000
0.13333330
0.60000000
0.80000000
-0.12093770
-0.13712370
-0.12152000
-0.11625360
4
0.00000000
0.13333330
0.60000000
0.80000000
0.70553360
0.72618960
0.70653900
0.69949180
2
0.00000000
0.80000000
1.00000000
1.00000000
2
0.00000000
0.80000000
1.00000000
1.00000000
2
0.00000000
0.80000000
1.00000000
1.00000000
Character1_RightArm
1
0.00000000
-0.05543732
1
0.00000000
-0.00000005
1
0.00000000
-0.00000100
6
0.00000000
0.10000000
0.20000000
0.36666670
0.53333340
0.80000000
-0.08011391
-0.06119764
-0.06199906
-0.07273152
-0.09567045
-0.08834484
6
0.00000000
0.10000000
0.20000000
0.36666670
0.53333340
0.80000000
-0.61046060
-0.57363000
-0.55174920
-0.56027950
-0.58257380
-0.60662420
6
0.00000000
0.10000000
0.20000000
0.36666670
0.53333340
0.80000000
-0.01043151
-0.18232900
-0.23577540
-0.05877839
0.15278530
0.04089176
6
0.00000000
0.10000000
0.20000000
0.36666670
0.53333340
0.80000000
0.78791560
0.79621580
0.79758320
0.82300790
0.79253490
0.78900580
2
0.00000000
0.80000000
1.00000000
1.00000000
2
0.00000000
0.80000000
0.99999990
0.99999990
2
0.00000000
0.80000000
0.99999990
0.99999990
Character1_RightForeArm
1
0.00000000
-0.23377880
1
0.00000000
0.00001742
1
0.00000000
-0.00001277
14
0.00000000
0.03333334
0.06666668
0.10000000
0.13333330
0.16666670
0.26666670
0.56666670
0.63333330
0.66666670
0.70000000
0.73333330
0.76666670
0.80000000
0.16752520
0.19030420
0.21991070
0.19509540
0.26727170
0.28009300
0.26731530
0.15714680
0.14082360
0.14577270
0.10167430
0.15389240
0.14896630
0.15188690
14
0.00000000
0.03333334
0.06666668
0.10000000
0.13333330
0.16666670
0.26666670
0.56666670
0.63333330
0.66666670
0.70000000
0.73333330
0.76666670
0.80000000
-0.06928845
-0.04356324
-0.00848589
-0.03322377
0.03827938
0.04763014
0.03573494
-0.02546524
-0.04086806
-0.04496150
-0.10169010
-0.05776934
-0.07937544
-0.07984228
14
0.00000000
0.03333334
0.06666668
0.10000000
0.13333330
0.16666670
0.26666670
0.56666670
0.63333330
0.66666670
0.70000000
0.73333330
0.76666670
0.80000000
-0.79645760
-0.78492270
-0.75758530
-0.75683240
-0.69295780
-0.66975180
-0.63368080
-0.57679350
-0.60292150
-0.64992430
-0.70739510
-0.74506240
-0.78003070
-0.79269950
14
0.00000000
0.03333334
0.06666668
0.10000000
0.13333330
0.16666670
0.26666670
0.56666670
0.63333330
0.66666670
0.70000000
0.73333330
0.76666670
0.80000000
0.57687920
0.58803300
0.61451760
0.62292750
0.66851320
0.68608440
0.72506150
0.80122770
0.78420930
0.74453150
0.69203590
0.64642240
0.60254520
0.58496420
2
0.00000000
0.80000000
1.00000000
1.00000000
2
0.00000000
0.80000000
0.99999980
0.99999980
2
0.00000000
0.80000000
0.99999970
0.99999970
Character1_RightHand
1
0.00000000
-0.16248010
1
0.00000000
-0.00000066
1
0.00000000
0.00000173
7
0.00000000
0.13333330
0.16666670
0.23333330
0.53333340
0.63333330
0.80000000
-0.18842210
-0.19177490
-0.19207150
-0.18681230
-0.15760690
-0.15863960
-0.18704630
7
0.00000000
0.13333330
0.16666670
0.23333330
0.53333340
0.63333330
0.80000000
-0.06928445
-0.11403070
-0.12651770
-0.12183210
-0.09132832
-0.07975837
-0.05838558
7
0.00000000
0.13333330
0.16666670
0.23333330
0.53333340
0.63333330
0.80000000
-0.04365625
-0.17596410
-0.21342270
-0.18962710
-0.05033028
-0.02085586
-0.01199964
7
0.00000000
0.13333330
0.16666670
0.23333330
0.53333340
0.63333330
0.80000000
0.97866790
0.95877840
0.94950120
0.95619020
0.98198070
0.98388880
0.98054110
2
0.00000000
0.80000000
1.00000000
1.00000000
2
0.00000000
0.80000000
0.99999980
0.99999980
2
0.00000000
0.80000000
0.99999990
0.99999990
Character1_RightHandThumb1
1
0.00000000
-0.02633883
1
0.00000000
0.02086117
1
0.00000000
-0.00452684
2
0.00000000
0.80000000
0.46670200
0.46670200
2
0.00000000
0.80000000
-0.11148250
-0.11148220
2
0.00000000
0.80000000
-0.22818320
-0.22818310
2
0.00000000
0.80000000
0.84716780
0.84716790
2
0.00000000
0.80000000
1.00000000
1.00000000
2
0.00000000
0.80000000
1.00000000
1.00000000
2
0.00000000
0.80000000
1.00000000
1.00000000
Character1_RightHandThumb2
1
0.00000000
-0.03202948
1
0.00000000
0.00112795
1
0.00000000
0.00060241
2
0.00000000
0.80000000
0.03668658
0.03668667
2
0.00000000
0.80000000
0.17384240
0.17384310
2
0.00000000
0.80000000
0.07676871
0.07676855
2
0.00000000
0.80000000
0.98109100
0.98109080
2
0.00000000
0.80000000
0.99999980
0.99999980
2
0.00000000
0.80000000
0.99999930
0.99999930
2
0.00000000
0.80000000
0.99999980
0.99999980
Character1_RightHandThumb3
1
0.00000000
-0.01758621
1
0.00000000
0.00051133
1
0.00000000
0.00015221
2
0.00000000
0.80000000
0.01054305
0.01054372
2
0.00000000
0.80000000
0.26187360
0.26187230
2
0.00000000
0.80000000
0.09421435
0.09421519
2
0.00000000
0.80000000
0.96043470
0.96043490
2
0.00000000
0.80000000
1.00000000
1.00000000
2
0.00000000
0.80000000
1.00000000
1.00000000
2
0.00000000
0.80000000
1.00000000
1.00000000
Character1_RightHandThumb4
1
0.00000000
-0.02628791
1
0.00000000
0.00158763
1
0.00000000
-0.00003033
2
0.00000000
0.80000000
0.09698050
0.09698050
2
0.00000000
0.80000000
-0.01651486
-0.01651486
2
0.00000000
0.80000000
-0.06892800
-0.06892800
2
0.00000000
0.80000000
0.99275930
0.99275930
2
0.00000000
0.80000000
1.00000000
1.00000000
2
0.00000000
0.80000000
0.99999960
0.99999960
2
0.00000000
0.80000000
0.99999990
0.99999990
Character1_RightHandIndex1
1
0.00000000
-0.07745903
1
0.00000000
0.02477353
1
0.00000000
0.02387737
2
0.00000000
0.80000000
0.99487570
0.99487570
2
0.00000000
0.80000000
0.07116842
0.07116910
2
0.00000000
0.80000000
0.07119691
0.07119674
2
0.00000000
0.80000000
-0.00940592
-0.00940649
2
0.00000000
0.80000000
0.99999990
0.99999990
2
0.00000000
0.80000000
1.00000000
1.00000000
2
0.00000000
0.80000000
1.00000000
1.00000000
Character1_RightHandIndex2
1
0.00000000
-0.02423301
1
0.00000000
-0.00223004
1
0.00000000
-0.00200852
2
0.00000000
0.80000000
-0.01307165
-0.01307284
2
0.00000000
0.80000000
0.48071320
0.48071240
2
0.00000000
0.80000000
-0.06264196
-0.06264168
2
0.00000000
0.80000000
0.87453990
0.87454030
2
0.00000000
0.80000000
1.00000000
1.00000000
2
0.00000000
0.80000000
1.00000000
1.00000000
2
0.00000000
0.80000000
0.99999950
0.99999950
Character1_RightHandIndex3
1
0.00000000
-0.01588617
1
0.00000000
0.00000118
1
0.00000000
-0.00264198
2
0.00000000
0.80000000
-0.03562204
-0.03562177
2
0.00000000
0.80000000
0.59265480
0.59265560
2
0.00000000
0.80000000
-0.08476081
-0.08475976
2
0.00000000
0.80000000
0.80019180
0.80019130
2
0.00000000
0.80000000
0.99999990
0.99999990
2
0.00000000
0.80000000
1.00000000
1.00000000
2
0.00000000
0.80000000
1.00000000
1.00000000
Character1_RightHandIndex4
1
0.00000000
-0.02107472
1
0.00000000
-0.00070412
1
0.00000000
-0.00325402
2
0.00000000
0.80000000
0.06180407
0.06180407
2
0.00000000
0.80000000
-0.11389170
-0.11389170
2
0.00000000
0.80000000
-0.00078375
-0.00078375
2
0.00000000
0.80000000
0.99156860
0.99156860
2
0.00000000
0.80000000
0.99999960
0.99999960
2
0.00000000
0.80000000
0.99999980
0.99999980
2
0.00000000
0.80000000
0.99999990
0.99999990
Character1_RightHandMiddle1
1
0.00000000
-0.07734096
1
0.00000000
0.00436004
1
0.00000000
0.02411085
2
0.00000000
0.80000000
0.97829620
0.97829610
2
0.00000000
0.80000000
-0.03106720
-0.03106702
2
0.00000000
0.80000000
0.13236710
0.13236690
2
0.00000000
0.80000000
-0.15636650
-0.15636680
2
0.00000000
0.80000000
0.99999990
0.99999990
2
0.00000000
0.80000000
1.00000000
1.00000000
2
0.00000000
0.80000000
1.00000000
1.00000000
Character1_RightHandMiddle2
1
0.00000000
-0.02535491
1
0.00000000
-0.00067981
1
0.00000000
0.00116949
2
0.00000000
0.80000000
-0.02884094
-0.02884099
2
0.00000000
0.80000000
0.53252000
0.53251990
2
0.00000000
0.80000000
-0.07573604
-0.07573614
2
0.00000000
0.80000000
0.84252880
0.84252880
2
0.00000000
0.80000000
1.00000000
1.00000000
2
0.00000000
0.80000000
1.00000000
1.00000000
2
0.00000000
0.80000000
0.99999990
0.99999990
Character1_RightHandMiddle3
1
0.00000000
-0.01941583
1
0.00000000
-0.00041665
1
0.00000000
-0.00070466
2
0.00000000
0.80000000
-0.00443102
-0.00443233
2
0.00000000
0.80000000
0.70925560
0.70925610
2
0.00000000
0.80000000
-0.09242126
-0.09241977
2
0.00000000
0.80000000
0.69885280
0.69885240
2
0.00000000
0.80000000
1.00000000
1.00000000
2
0.00000000
0.80000000
0.99999990
0.99999990
2
0.00000000
0.80000000
0.99999990
0.99999990
Character1_RightHandMiddle4
1
0.00000000
-0.02143747
1
0.00000000
-0.00047113
1
0.00000000
-0.00506652
2
0.00000000
0.80000000
0.02437098
0.02437098
2
0.00000000
0.80000000
-0.06598202
-0.06598202
2
0.00000000
0.80000000
-0.00813170
-0.00813170
2
0.00000000
0.80000000
0.99749000
0.99749000
2
0.00000000
0.80000000
1.00000000
1.00000000
2
0.00000000
0.80000000
1.00000000
1.00000000
2
0.00000000
0.80000000
0.99999990
0.99999990
Character1_RightHandRing1
1
0.00000000
-0.07430402
1
0.00000000
-0.01371074
1
0.00000000
0.01965605
2
0.00000000
0.80000000
0.90013920
0.90013950
2
0.00000000
0.80000000
-0.07314791
-0.07314774
2
0.00000000
0.80000000
0.33885770
0.33885720
2
0.00000000
0.80000000
-0.26376960
-0.26376920
2
0.00000000
0.80000000
1.00000000
1.00000000
2
0.00000000
0.80000000
1.00000000
1.00000000
2
0.00000000
0.80000000
0.99999980
0.99999980
Character1_RightHandRing2
1
0.00000000
-0.02345802
1
0.00000000
-0.00000792
1
0.00000000
-0.00350789
2
0.00000000
0.80000000
-0.05763273
-0.05763349
2
0.00000000
0.80000000
0.14821610
0.14821600
2
0.00000000
0.80000000
-0.12539420
-0.12539400
2
0.00000000
0.80000000
0.97927870
0.97927870
2
0.00000000
0.80000000
0.99999990
0.99999990
2
0.00000000
0.80000000
1.00000000
1.00000000
2
0.00000000
0.80000000
1.00000000
1.00000000
Character1_RightHandRing3
1
0.00000000
-0.01589358
1
0.00000000
-0.00103255
1
0.00000000
0.00037811
2
0.00000000
0.80000000
-0.02323589
-0.02323581
2
0.00000000
0.80000000
0.72087400
0.72087420
2
0.00000000
0.80000000
-0.27049140
-0.27049210
2
0.00000000
0.80000000
0.63767950
0.63767890
2
0.00000000
0.80000000
0.99999990
0.99999990
2
0.00000000
0.80000000
0.99999990
0.99999990
2
0.00000000
0.80000000
1.00000000
1.00000000
Character1_RightHandRing4
1
0.00000000
-0.02512612
1
0.00000000
-0.00003484
1
0.00000000
-0.00327394
2
0.00000000
0.80000000
0.01259207
0.01259207
2
0.00000000
0.80000000
-0.04324944
-0.04324944
2
0.00000000
0.80000000
-0.00322445
-0.00322445
2
0.00000000
0.80000000
0.99897970
0.99897970
2
0.00000000
0.80000000
1.00000000
1.00000000
2
0.00000000
0.80000000
0.99999990
0.99999990
2
0.00000000
0.80000000
0.99999980
0.99999980
Character1_RightHandPinky1
1
0.00000000
-0.06501900
1
0.00000000
-0.02772160
1
0.00000000
0.01036632
2
0.00000000
0.80000000
0.88870630
0.88870610
2
0.00000000
0.80000000
-0.09506968
-0.09506978
2
0.00000000
0.80000000
-0.03652417
-0.03652459
2
0.00000000
0.80000000
-0.44702230
-0.44702250
2
0.00000000
0.80000000
1.00000000
1.00000000
2
0.00000000
0.80000000
1.00000000
1.00000000
2
0.00000000
0.80000000
0.99999990
0.99999990
Character1_RightHandPinky2
1
0.00000000
-0.01809764
1
0.00000000
-0.00014428
1
0.00000000
-0.00005280
2
0.00000000
0.80000000
0.02836047
0.02836006
2
0.00000000
0.80000000
0.22238730
0.22238730
2
0.00000000
0.80000000
-0.17340880
-0.17340870
2
0.00000000
0.80000000
0.95899370
0.95899370
2
0.00000000
0.80000000
1.00000000
1.00000000
2
0.00000000
0.80000000
1.00000000
1.00000000
2
0.00000000
0.80000000
1.00000000
1.00000000
Character1_RightHandPinky3
1
0.00000000
-0.01388555
1
0.00000000
0.00026696
1
0.00000000
0.00082812
2
0.00000000
0.80000000
0.02145522
0.02145631
2
0.00000000
0.80000000
0.62875920
0.62875890
2
0.00000000
0.80000000
-0.48098710
-0.48098810
2
0.00000000
0.80000000
0.61061690
0.61061630
2
0.00000000
0.80000000
1.00000000
1.00000000
2
0.00000000
0.80000000
1.00000000
1.00000000
2
0.00000000
0.80000000
1.00000000
1.00000000
Character1_RightHandPinky4
1
0.00000000
-0.01920296
1
0.00000000
0.00051865
1
0.00000000
-0.00024998
2
0.00000000
0.80000000
-0.01420847
-0.01420847
2
0.00000000
0.80000000
-0.00825185
-0.00825185
2
0.00000000
0.80000000
-0.01770875
-0.01770875
2
0.00000000
0.80000000
0.99970820
0.99970820
2
0.00000000
0.80000000
0.99999970
0.99999970
2
0.00000000
0.80000000
0.99999960
0.99999960
2
0.00000000
0.80000000
0.99999960
0.99999960
J_R_Sode_A00
2
0.00000000
0.80000000
-0.04704347
-0.04704347
2
0.00000000
0.80000000
0.03601107
0.03601107
2
0.00000000
0.80000000
-0.00102966
-0.00102966
6
0.00000000
0.06666668
0.20000000
0.40000000
0.63333330
0.80000000
0.00850231
0.00479023
-0.00092057
0.00865632
0.00750799
0.00868050
6
0.00000000
0.06666668
0.20000000
0.40000000
0.63333330
0.80000000
0.02313066
-0.00122043
-0.02589449
0.02312398
0.02346817
0.02312758
6
0.00000000
0.06666668
0.20000000
0.40000000
0.63333330
0.80000000
-0.09953773
-0.12599760
-0.16010170
-0.09473016
-0.14338980
-0.09371991
6
0.00000000
0.06666668
0.20000000
0.40000000
0.63333330
0.80000000
0.99475600
0.99201820
0.98676040
0.99519680
0.98935950
0.99529210
2
0.00000000
0.80000000
0.99999990
0.99999990
2
0.00000000
0.80000000
1.00000100
1.00000100
2
0.00000000
0.80000000
1.00000000
1.00000000
J_R_Sode_B00
2
0.00000000
0.80000000
-0.04424990
-0.04424990
2
0.00000000
0.80000000
0.00025344
0.00025344
2
0.00000000
0.80000000
0.03772974
0.03772974
5
0.00000000
0.26666670
0.46666670
0.63333330
0.80000000
0.70423540
0.70181700
0.70283730
0.69827490
0.70513050
5
0.00000000
0.26666670
0.46666670
0.63333330
0.80000000
0.14739220
0.15486860
0.13092910
0.11841830
0.13904760
5
0.00000000
0.26666670
0.46666670
0.63333330
0.80000000
-0.05878333
-0.06598002
-0.06926183
-0.09843603
-0.05033628
5
0.00000000
0.26666670
0.46666670
0.63333330
0.80000000
0.69200630
0.69218160
0.69575860
0.69907060
0.69348610
2
0.00000000
0.80000000
0.99999990
0.99999990
2
0.00000000
0.80000000
1.00000100
1.00000100
2
0.00000000
0.80000000
1.00000000
1.00000000
J_R_Sode_D00
2
0.00000000
0.80000000
-0.04395394
-0.04395394
2
0.00000000
0.80000000
0.00270832
0.00270832
2
0.00000000
0.80000000
-0.03898220
-0.03898220
5
0.00000000
0.20000000
0.40000000
0.63333330
0.80000000
-0.76193460
-0.75860300
-0.76222940
-0.76170960
-0.76217070
5
0.00000000
0.20000000
0.40000000
0.63333330
0.80000000
-0.03298537
-0.07879619
-0.02673349
-0.02238284
-0.02791859
5
0.00000000
0.20000000
0.40000000
0.63333330
0.80000000
0.02994025
-0.01113772
0.03009339
-0.00488975
0.03176776
5
0.00000000
0.20000000
0.40000000
0.63333330
0.80000000
0.64612010
0.64667500
0.64605420
0.64751330
0.64599320
2
0.00000000
0.80000000
0.99999990
0.99999990
2
0.00000000
0.80000000
1.00000100
1.00000100
2
0.00000000
0.80000000
1.00000000
1.00000000
J_R_Sode_C00
2
0.00000000
0.80000000
-0.04138786
-0.04138786
2
0.00000000
0.80000000
-0.04891171
-0.04891171
2
0.00000000
0.80000000
-0.01278703
-0.01278703
5
0.00000000
0.20000000
0.36666670
0.56666670
0.80000000
0.97990410
0.97927830
0.97934880
0.98273090
0.97963600
5
0.00000000
0.20000000
0.36666670
0.56666670
0.80000000
0.13670540
0.18636340
0.13661800
0.10779300
0.13301490
5
0.00000000
0.20000000
0.36666670
0.56666670
0.80000000
-0.14306780
-0.07910660
-0.14681220
-0.14734200
-0.14806820
5
0.00000000
0.20000000
0.36666670
0.56666670
0.80000000
0.02512278
0.00498759
0.02564695
0.03018140
0.02638364
2
0.00000000
0.80000000
0.99999990
0.99999990
2
0.00000000
0.80000000
1.00000100
1.00000100
2
0.00000000
0.80000000
1.00000100
1.00000100
Character1_Neck
1
0.00000000
-0.15685130
1
0.00000000
0.00829848
1
0.00000000
0.00028670
2
0.00000000
0.80000000
0.11980380
0.11980340
2
0.00000000
0.80000000
0.07345366
0.07345413
2
0.00000000
0.80000000
-0.04267424
-0.04267466
2
0.00000000
0.80000000
0.98915650
0.98915650
2
0.00000000
0.80000000
1.00000000
1.00000000
2
0.00000000
0.80000000
1.00000000
1.00000000
2
0.00000000
0.80000000
0.99999980
0.99999980
Character1_Head
1
0.00000000
-0.07808319
1
0.00000000
-0.00553454
1
0.00000000
0.00000000
2
0.00000000
0.80000000
0.14653720
0.14653860
2
0.00000000
0.80000000
0.05619756
0.05619739
2
0.00000000
0.80000000
0.21307510
0.21307500
2
0.00000000
0.80000000
0.96434830
0.96434810
2
0.00000000
0.80000000
1.00000000
1.00000000
2
0.00000000
0.80000000
0.99999980
0.99999980
2
0.00000000
0.80000000
1.00000000
1.00000000
J_L_HairSide_00
2
0.00000000
0.80000000
-0.09528863
-0.09528863
2
0.00000000
0.80000000
0.08420379
0.08420379
2
0.00000000
0.80000000
0.08411823
0.08411823
7
0.00000000
0.03333334
0.23333330
0.40000000
0.56666670
0.76666670
0.80000000
0.21871940
0.23755100
0.27653950
0.19740760
0.29155280
0.20248900
0.19557530
7
0.00000000
0.03333334
0.23333330
0.40000000
0.56666670
0.76666670
0.80000000
0.96151100
0.95573880
0.94268480
0.96685290
0.93723360
0.96552810
0.96732300
7
0.00000000
0.03333334
0.23333330
0.40000000
0.56666670
0.76666670
0.80000000
-0.01485652
-0.01283923
-0.01042125
-0.01653167
-0.00972707
-0.01601694
-0.01672126
7
0.00000000
0.03333334
0.23333330
0.40000000
0.56666670
0.76666670
0.80000000
0.16634290
0.17311250
0.18644760
0.16109770
0.19103840
0.16277920
0.16048960
2
0.00000000
0.80000000
1.00000100
1.00000100
2
0.00000000
0.80000000
1.00000000
1.00000000
2
0.00000000
0.80000000
1.00000100
1.00000100
J_L_HairSide_01
2
0.00000000
0.80000000
-0.07190698
-0.07190698
2
0.00000000
0.80000000
0.00000000
0.00000000
2
0.00000000
0.80000000
0.00000000
0.00000000
7
0.00000000
0.03333334
0.23333330
0.40000000
0.56666670
0.76666670
0.80000000
0.01752944
0.01842079
0.02209062
0.01556463
0.02382614
0.01585346
0.01546481
7
0.00000000
0.03333334
0.23333330
0.40000000
0.56666670
0.76666670
0.80000000
0.03619428
0.02909252
0.01453961
0.04175324
0.00933684
0.04001980
0.04237771
7
0.00000000
0.03333334
0.23333330
0.40000000
0.56666670
0.76666670
0.80000000
0.05663624
0.07626162
0.11670180
0.03477772
0.13228540
0.04002774
0.03288500
7
0.00000000
0.03333334
0.23333330
0.40000000
0.56666670
0.76666670
0.80000000
0.99770100
0.99649310
0.99281480
0.99840120
0.99088130
0.99827090
0.99844060
2
0.00000000
0.80000000
1.00000000
1.00000000
2
0.00000000
0.80000000
1.00000000
1.00000000
2
0.00000000
0.80000000
1.00000000
1.00000000
J_R_HairSide_00
2
0.00000000
0.80000000
-0.09799041
-0.09799041
2
0.00000000
0.80000000
0.07704446
0.07704446
2
0.00000000
0.80000000
-0.08779540
-0.08779540
7
0.00000000
0.03333334
0.23333330
0.40000000
0.56666670
0.76666670
0.80000000
0.22349000
0.24276970
0.28259750
0.20231120
0.29783730
0.20746480
0.20045290
7
0.00000000
0.03333334
0.23333330
0.40000000
0.56666670
0.76666670
0.80000000
0.96035780
0.95474700
0.94109420
0.96519040
0.93569330
0.96386020
0.96566270
7
0.00000000
0.03333334
0.23333330
0.40000000
0.56666670
0.76666670
0.80000000
-0.04177559
-0.04301554
-0.04422403
-0.03788992
-0.04498584
-0.03841268
-0.03769755
7
0.00000000
0.03333334
0.23333330
0.40000000
0.56666670
0.76666670
0.80000000
-0.16204540
-0.16634530
-0.18034610
-0.16137600
-0.18370460
-0.16265400
-0.16091340
2
0.00000000
0.80000000
1.00000100
1.00000100
2
0.00000000
0.80000000
1.00000000
1.00000000
2
0.00000000
0.80000000
1.00000100
1.00000100
J_R_HairSide_01
2
0.00000000
0.80000000
-0.07190759
-0.07190759
2
0.00000000
0.80000000
0.00000000
0.00000000
2
0.00000000
0.80000000
0.00000000
0.00000000
7
0.00000000
0.03333334
0.23333330
0.40000000
0.56666670
0.76666670
0.80000000
-0.00614612
-0.00816054
-0.01270323
-0.00564050
-0.01448596
-0.00597789
-0.00552271
7
0.00000000
0.03333334
0.23333330
0.40000000
0.56666670
0.76666670
0.80000000
-0.04860223
-0.04295640
-0.02570311
-0.05019519
-0.02103761
-0.04863054
-0.05075900
7
0.00000000
0.03333334
0.23333330
0.40000000
0.56666670
0.76666670
0.80000000
0.05731992
0.07696293
0.11746200
0.03532067
0.13310690
0.04057982
0.03342481
7
0.00000000
0.03333334
0.23333330
0.40000000
0.56666670
0.76666670
0.80000000
0.99727280
0.99607470
0.99266340
0.99809870
0.99077250
0.99797430
0.99813620
2
0.00000000
0.80000000
1.00000000
1.00000000
2
0.00000000
0.80000000
1.00000000
1.00000000
2
0.00000000
0.80000000
1.00000000
1.00000000
J_L_HairFront_00
2
0.00000000
0.80000000
-0.11835310
-0.11835310
2
0.00000000
0.80000000
0.11062720
0.11062720
2
0.00000000
0.80000000
-0.00064683
-0.00064683
7
0.00000000
0.03333334
0.20000000
0.40000000
0.60000000
0.76666670
0.80000000
-0.05316383
-0.06523570
-0.12210540
-0.04759318
-0.12762730
-0.05165158
-0.04601016
7
0.00000000
0.03333334
0.20000000
0.40000000
0.60000000
0.76666670
0.80000000
0.99747800
0.99681540
0.99149320
0.99754350
0.98916980
0.99735790
0.99770640
7
0.00000000
0.03333334
0.20000000
0.40000000
0.60000000
0.76666670
0.80000000
0.03924476
0.03999899
0.04497743
0.03880732
0.03679274
0.03894622
0.03890041
7
0.00000000
0.03333334
0.20000000
0.40000000
0.60000000
0.76666670
0.80000000
-0.02772183
-0.02243512
0.00291740
-0.03370195
-0.06245452
-0.03305412
-0.03085173
2
0.00000000
0.80000000
1.00000100
1.00000100
2
0.00000000
0.80000000
1.00000000
1.00000000
2
0.00000000
0.80000000
1.00000100
1.00000100
J_R_HairFront_00
2
0.00000000
0.80000000
-0.11864670
-0.11864670
2
0.00000000
0.80000000
0.10995260
0.10995260
2
0.00000000
0.80000000
-0.00727659
-0.00727659
7
0.00000000
0.03333334
0.20000000
0.40000000
0.60000000
0.76666670
0.80000000
-0.12128210
-0.13405080
-0.19408710
-0.11467430
-0.18660030
-0.11874970
-0.11370100
7
0.00000000
0.03333334
0.20000000
0.40000000
0.60000000
0.76666670
0.80000000
0.97750990
0.97623130
0.96835080
0.97775550
0.96234350
0.97730980
0.97812750
7
0.00000000
0.03333334
0.20000000
0.40000000
0.60000000
0.76666670
0.80000000
-0.15949290
-0.15790920
-0.14858690
-0.16053270
-0.16095070
-0.16020560
-0.16029840
7
0.00000000
0.03333334
0.20000000
0.40000000
0.60000000
0.76666670
0.80000000
-0.06651666
-0.06377726
-0.05048621
-0.07122666
-0.11476180
-0.07140150
-0.06814066
2
0.00000000
0.80000000
1.00000000
1.00000000
2
0.00000000
0.80000000
1.00000100
1.00000100
2
0.00000000
0.80000000
1.00000100
1.00000100
J_L_HeadRibbon_00
2
0.00000000
0.80000000
-0.17970760
-0.17970760
2
0.00000000
0.80000000
0.08956378
0.08956378
2
0.00000000
0.80000000
0.04141203
0.04141203
7
0.00000000
0.06666668
0.20000000
0.40000000
0.60000000
0.76666670
0.80000000
0.09006621
0.09581202
0.10374560
0.08839428
0.10430840
0.08922698
0.08809389
7
0.00000000
0.06666668
0.20000000
0.40000000
0.60000000
0.76666670
0.80000000
0.22924830
0.22689790
0.22338180
0.22988920
0.22311960
0.22956720
0.23000440
7
0.00000000
0.06666668
0.20000000
0.40000000
0.60000000
0.76666670
0.80000000
0.30257400
0.32567320
0.35762810
0.29586230
0.35989770
0.29920570
0.29465630
7
0.00000000
0.06666668
0.20000000
0.40000000
0.60000000
0.76666670
0.80000000
0.92078810
0.91283870
0.90079940
0.92293170
0.89989510
0.92185320
0.92331740
2
0.00000000
0.80000000
1.00000000
1.00000000
2
0.00000000
0.80000000
1.00000100
1.00000100
2
0.00000000
0.80000000
1.00000000
1.00000000
J_L_HeadRibbon_01
2
0.00000000
0.80000000
-0.08505328
-0.08505328
2
0.00000000
0.80000000
0.00000000
0.00000000
2
0.00000000
0.80000000
0.00000000
0.00000000
9
0.00000000
0.10000000
0.20000000
0.30000000
0.40000000
0.53333340
0.63333330
0.73333330
0.80000000
0.56510110
0.55461130
0.54846680
0.56127580
0.56563790
0.55224010
0.55011350
0.56292830
0.56582070
9
0.00000000
0.10000000
0.20000000
0.30000000
0.40000000
0.53333340
0.63333330
0.73333330
0.80000000
0.34405480
0.42451830
0.45546560
0.38049410
0.33747970
0.43723160
0.44777260
0.36641210
0.33510350
9
0.00000000
0.10000000
0.20000000
0.30000000
0.40000000
0.53333340
0.63333330
0.73333330
0.80000000
0.06359739
0.12565920
0.15022700
0.09139720
0.05863198
0.13570120
0.14408050
0.08059627
0.05684129
9
0.00000000
0.10000000
0.20000000
0.30000000
0.40000000
0.53333340
0.63333330
0.73333330
0.80000000
0.74715620
0.70455680
0.68495770
0.72927370
0.75014900
0.69673850
0.69001140
0.73644980
0.75121340
2
0.00000000
0.80000000
1.00000000
1.00000000
2
0.00000000
0.80000000
1.00000000
1.00000000
2
0.00000000
0.80000000
1.00000000
1.00000000
J_R_HeadRibbon_00
2
0.00000000
0.80000000
-0.18103220
-0.18103220
2
0.00000000
0.80000000
0.08604571
0.08604571
2
0.00000000
0.80000000
-0.04305515
-0.04305515
7
0.00000000
0.06666668
0.20000000
0.40000000
0.60000000
0.76666670
0.80000000
-0.12352410
-0.12857050
-0.13549320
-0.12204850
-0.13598210
-0.12278290
-0.12178340
7
0.00000000
0.06666668
0.20000000
0.40000000
0.60000000
0.76666670
0.80000000
-0.20196240
-0.19877830
-0.19412570
-0.20284810
-0.19378360
-0.20240440
-0.20300740
7
0.00000000
0.06666668
0.20000000
0.40000000
0.60000000
0.76666670
0.80000000
0.31321320
0.33628210
0.36818410
0.30650840
0.37044930
0.30984820
0.30530370
7
0.00000000
0.06666668
0.20000000
0.40000000
0.60000000
0.76666670
0.80000000
0.91973850
0.91152130
0.89910920
0.92195960
0.89817820
0.92084250
0.92235920
2
0.00000000
0.80000000
1.00000000
1.00000000
2
0.00000000
0.80000000
1.00000100
1.00000100
2
0.00000000
0.80000000
1.00000000
1.00000000
J_R_HeadRibbon_01
2
0.00000000
0.80000000
-0.08505593
-0.08505593
2
0.00000000
0.80000000
0.00000000
0.00000000
2
0.00000000
0.80000000
0.00000000
0.00000000
8
0.00000000
0.13333330
0.23333330
0.40000000
0.53333340
0.63333330
0.76666670
0.80000000
-0.56397130
-0.54983660
-0.55176770
-0.56452910
-0.55176760
-0.54983660
-0.56397130
-0.56472150
8
0.00000000
0.13333330
0.23333330
0.40000000
0.53333340
0.63333330
0.76666670
0.80000000
-0.35631040
-0.44905550
-0.43959890
-0.35044810
-0.43959900
-0.44905550
-0.35631040
-0.34832990
8
0.00000000
0.13333330
0.23333330
0.40000000
0.53333340
0.63333330
0.76666670
0.80000000
0.07290755
0.14511650
0.13759180
0.06845433
0.13759190
0.14511650
0.07290755
0.06684832
8
0.00000000
0.13333330
0.23333330
0.40000000
0.53333340
0.63333330
0.76666670
0.80000000
0.74139310
0.68918070
0.69525080
0.74418210
0.69525080
0.68918070
0.74139310
0.74517600
2
0.00000000
0.80000000
1.00000000
1.00000000
2
0.00000000
0.80000000
1.00000000
1.00000000
2
0.00000000
0.80000000
1.00000000
1.00000000
J_L_HairTail_00
2
0.00000000
0.80000000
-0.03154395
-0.03154395
2
0.00000000
0.80000000
-0.06754832
-0.06754832
2
0.00000000
0.80000000
0.06546028
0.06546028
5
0.00000000
0.16666670
0.40000000
0.56666670
0.80000000
-0.20391860
-0.16667330
-0.19679890
-0.12337250
-0.19985160
5
0.00000000
0.16666670
0.40000000
0.56666670
0.80000000
0.04130360
0.02764529
0.03839779
0.00828549
0.03936280
5
0.00000000
0.16666670
0.40000000
0.56666670
0.80000000
0.92013600
0.92057240
0.92726950
0.90961870
0.92769890
5
0.00000000
0.16666670
0.40000000
0.56666670
0.80000000
0.33175440
0.35213950
0.31617580
0.39661630
0.31286550
2
0.00000000
0.80000000
1.00000100
1.00000100
2
0.00000000
0.80000000
1.00000100
1.00000100
2
0.00000000
0.80000000
1.00000000
1.00000000
J_L_HairTail_01
2
0.00000000
0.80000000
-0.11597680
-0.11597680
2
0.00000000
0.80000000
0.00000000
0.00000000
2
0.00000000
0.80000000
0.00000000
0.00000000
11
0.00000000
0.03333334
0.16666670
0.26666670
0.33333330
0.40000000
0.46666670
0.53333340
0.70000000
0.76666670
0.80000000
-0.00273067
-0.00514748
0.00737656
0.01434646
0.00621732
-0.00155255
-0.00009585
-0.00025959
0.00120641
0.00259424
-0.00033784
11
0.00000000
0.03333334
0.16666670
0.26666670
0.33333330
0.40000000
0.46666670
0.53333340
0.70000000
0.76666670
0.80000000
0.08395915
0.08813508
0.09556884
0.09104416
0.08542883
0.06963969
0.00053124
-0.01115554
0.00978728
0.05527425
0.07872240
11
0.00000000
0.03333334
0.16666670
0.26666670
0.33333330
0.40000000
0.46666670
0.53333340
0.70000000
0.76666670
0.80000000
0.03129453
0.05735105
-0.07875199
-0.15803280
-0.07467660
0.02074909
0.05596353
-0.01099109
-0.15001470
-0.05001136
0.00272140
11
0.00000000
0.03333334
0.16666670
0.26666670
0.33333330
0.40000000
0.46666670
0.53333340
0.70000000
0.76666670
0.80000000
0.99597390
0.99444290
0.99227540
0.98312290
0.99352230
0.99735520
0.99843270
0.99987730
0.98863460
0.99721460
0.99689280
2
0.00000000
0.80000000
1.00000000
1.00000000
2
0.00000000
0.80000000
1.00000000
1.00000000
2
0.00000000
0.80000000
1.00000000
1.00000000
J_L_HairTail_02
2
0.00000000
0.80000000
-0.13655790
-0.13655790
2
0.00000000
0.80000000
0.00000000
0.00000000
2
0.00000000
0.80000000
0.00000000
0.00000000
3
0.00000000
0.40000000
0.80000000
0.00543908
0.00403392
0.00403392
3
0.00000000
0.40000000
0.80000000
0.10114350
0.09653535
0.09653535
3
0.00000000
0.40000000
0.80000000
-0.16022800
-0.14974070
-0.14974070
3
0.00000000
0.40000000
0.80000000
0.98186930
0.98399310
0.98399310
2
0.00000000
0.80000000
1.00000000
1.00000000
2
0.00000000
0.80000000
1.00000000
1.00000000
2
0.00000000
0.80000000
1.00000000
1.00000000
J_L_HairTail_03
2
0.00000000
0.80000000
-0.13229260
-0.13229260
2
0.00000000
0.80000000
0.00000000
0.00000000
2
0.00000000
0.80000000
0.00000000
0.00000000
11
0.00000000
0.06666668
0.16666670
0.26666670
0.33333330
0.40000000
0.46666670
0.53333340
0.60000000
0.73333330
0.80000000
0.03557449
0.02087546
-0.00819154
0.01511472
0.03166662
0.03357327
0.02295341
0.00397725
-0.00554830
0.02189814
0.03434067
11
0.00000000
0.06666668
0.16666670
0.26666670
0.33333330
0.40000000
0.46666670
0.53333340
0.60000000
0.73333330
0.80000000
0.06377731
0.09472117
0.11431450
0.08840232
0.05734232
0.04434815
0.05552928
0.07339774
0.08063913
0.05934128
0.04478029
11
0.00000000
0.06666668
0.16666670
0.26666670
0.33333330
0.40000000
0.46666670
0.53333340
0.60000000
0.73333330
0.80000000
-0.22131410
-0.08791548
0.07967336
-0.05480206
-0.20203950
-0.24375770
-0.13412590
0.01786351
0.08033919
-0.12159610
-0.24962150
11
0.00000000
0.06666668
0.16666670
0.26666670
0.33333330
0.40000000
0.46666670
0.53333340
0.60000000
0.73333330
0.80000000
0.97246440
0.99139450
0.99021070
0.99446130
0.97718430
0.96823980
0.98914100
0.99713480
0.99348490
0.99056220
0.96669780
2
0.00000000
0.80000000
1.00000000
1.00000000
2
0.00000000
0.80000000
1.00000000
1.00000000
2
0.00000000
0.80000000
1.00000000
1.00000000
J_L_HairTail_04
2
0.00000000
0.80000000
-0.13752590
-0.13752590
2
0.00000000
0.80000000
0.00000000
0.00000000
2
0.00000000
0.80000000
0.00000000
0.00000000
9
0.00000000
0.10000000
0.20000000
0.30000000
0.40000000
0.50000000
0.60000000
0.73333330
0.80000000
0.02329698
0.01401446
0.01260236
0.01772881
0.02214729
0.01328332
0.00396063
0.01704892
0.02220278
9
0.00000000
0.10000000
0.20000000
0.30000000
0.40000000
0.50000000
0.60000000
0.73333330
0.80000000
0.12154990
0.10373750
0.08745106
0.09354876
0.10865050
0.12480770
0.13715200
0.11593870
0.10660780
9
0.00000000
0.10000000
0.20000000
0.30000000
0.40000000
0.50000000
0.60000000
0.73333330
0.80000000
-0.04328246
0.10264560
0.15609650
0.01203782
-0.06551491
0.07064861
0.16515880
0.02312403
-0.07012874
9
0.00000000
0.10000000
0.20000000
0.30000000
0.40000000
0.50000000
0.60000000
0.73333330
0.80000000
0.99136750
0.98919460
0.98378220
0.99538410
0.99167150
0.98957340
0.97667610
0.99284080
0.99157640
2
0.00000000
0.80000000
1.00000000
1.00000000
2
0.00000000
0.80000000
1.00000000
1.00000000
2
0.00000000
0.80000000
1.00000000
1.00000000
J_L_HairTail_05
2
0.00000000
0.80000000
-0.14597840
-0.14597840
2
0.00000000
0.80000000
0.00000000
0.00000000
2
0.00000000
0.80000000
0.00000000
0.00000000
9
0.00000000
0.10000000
0.20000000
0.30000000
0.40000000
0.50000000
0.60000000
0.73333330
0.80000000
0.00849702
-0.01096735
-0.01997420
0.00230255
0.00904993
-0.00410634
-0.01712065
0.00114086
0.00948871
9
0.00000000
0.10000000
0.20000000
0.30000000
0.40000000
0.50000000
0.60000000
0.73333330
0.80000000
0.08370266
0.12459000
0.13147320
0.09190140
0.06382615
0.08441249
0.10035480
0.07895035
0.06427415
9
0.00000000
0.10000000
0.20000000
0.30000000
0.40000000
0.50000000
0.60000000
0.73333330
0.80000000
-0.07315107
0.07338190
0.12549460
-0.01653304
-0.09520529
0.03937197
0.13458770
-0.00769689
-0.09946854
9
0.00000000
0.10000000
0.20000000
0.30000000
0.40000000
0.50000000
0.60000000
0.73333330
0.80000000
0.99376590
0.98943020
0.98314140
0.99562820
0.99336810
0.99564430
0.98565820
0.99684820
0.99291730
2
0.00000000
0.80000000
1.00000100
1.00000100
2
0.00000000
0.80000000
1.00000000
1.00000000
2
0.00000000
0.80000000
1.00000100
1.00000100
J_R_HairTail_00
2
0.00000000
0.80000000
-0.03349167
-0.03349167
2
0.00000000
0.80000000
-0.07271498
-0.07271498
2
0.00000000
0.80000000
-0.05859684
-0.05859684
6
0.00000000
0.20000000
0.40000000
0.60000000
0.76666670
0.80000000
0.05642315
0.13696770
0.05168818
0.13081350
0.05582546
0.05024972
6
0.00000000
0.20000000
0.40000000
0.60000000
0.76666670
0.80000000
0.05691982
0.02558850
0.05919068
0.03864324
0.05805380
0.05943383
6
0.00000000
0.20000000
0.40000000
0.60000000
0.76666670
0.80000000
0.90526710
0.90406350
0.90454260
0.89392600
0.90449300
0.90509090
6
0.00000000
0.20000000
0.40000000
0.60000000
0.76666670
0.80000000
0.41721470
0.40404740
0.41907940
0.42695540
0.41881470
0.41803470
2
0.00000000
0.80000000
1.00000100
1.00000100
2
0.00000000
0.80000000
1.00000100
1.00000100
2
0.00000000
0.80000000
1.00000000
1.00000000
J_R_HairTail_01
2
0.00000000
0.80000000
-0.11597510
-0.11597510
2
0.00000000
0.80000000
0.00000000
0.00000000
2
0.00000000
0.80000000
0.00000000
0.00000000
11
0.00000000
0.03333334
0.16666670
0.26666670
0.33333330
0.40000000
0.46666670
0.53333340
0.70000000
0.76666670
0.80000000
-0.00251569
-0.00496006
0.00770526
0.01475554
0.00654213
-0.00132616
0.00009443
0.00000090
0.00160891
0.00289442
-0.00009282
11
0.00000000
0.03333334
0.16666670
0.26666670
0.33333330
0.40000000
0.46666670
0.53333340
0.70000000
0.76666670
0.80000000
0.08291315
0.08708417
0.09455414
0.09005877
0.08441182
0.06859489
-0.00052341
-0.01219501
0.00879414
0.05424725
0.07768256
11
0.00000000
0.03333334
0.16666670
0.26666670
0.33333330
0.40000000
0.46666670
0.53333340
0.70000000
0.76666670
0.80000000
0.03131747
0.05737249
-0.07871556
-0.15799030
-0.07464391
0.02076970
0.05596844
-0.01098921
-0.15000600
-0.04998995
0.00274555
11
0.00000000
0.03333334
0.16666670
0.26666670
0.33333330
0.40000000
0.46666670
0.53333340
0.70000000
0.76666670
0.80000000
0.99606140
0.99453510
0.99237290
0.98321450
0.99360970
0.99742750
0.99843240
0.99986530
0.98864470
0.99727120
0.99697430
2
0.00000000
0.80000000
1.00000000
1.00000000
2
0.00000000
0.80000000
1.00000000
1.00000000
2
0.00000000
0.80000000
1.00000000
1.00000000
J_R_HairTail_02
2
0.00000000
0.80000000
-0.13656150
-0.13656150
2
0.00000000
0.80000000
0.00000000
0.00000000
2
0.00000000
0.80000000
0.00000000
0.00000000
3
0.00000000
0.40000000
0.80000000
0.02117270
0.01936459
0.01936459
3
0.00000000
0.40000000
0.80000000
0.06285374
0.05806481
0.05806481
3
0.00000000
0.40000000
0.80000000
-0.15892110
-0.14854310
-0.14854310
3
0.00000000
0.40000000
0.80000000
0.98506100
0.98700990
0.98700990
2
0.00000000
0.80000000
1.00000000
1.00000000
2
0.00000000
0.80000000
1.00000000
1.00000000
2
0.00000000
0.80000000
1.00000000
1.00000000
J_R_HairTail_03
2
0.00000000
0.80000000
-0.13228850
-0.13228850
2
0.00000000
0.80000000
0.00000000
0.00000000
2
0.00000000
0.80000000
0.00000000
0.00000000
11
0.00000000
0.06666668
0.16666670
0.26666670
0.33333330
0.40000000
0.46666670
0.53333340
0.60000000
0.73333330
0.80000000
0.00806165
0.00212758
-0.01558113
-0.00143142
0.00539883
0.00460971
0.00112088
-0.00768851
-0.01294148
0.00089272
0.00500069
11
0.00000000
0.06666668
0.16666670
0.26666670
0.33333330
0.40000000
0.46666670
0.53333340
0.60000000
0.73333330
0.80000000
0.12619760
0.16006250
0.18169110
0.15439180
0.12034380
0.10624040
0.12021510
0.14053930
0.14832380
0.12427540
0.10649220
11
0.00000000
0.06666668
0.16666670
0.26666670
0.33333330
0.40000000
0.46666670
0.53333340
0.60000000
0.73333330
0.80000000
-0.22400900
-0.09033377
0.07856428
-0.05682909
-0.20443370
-0.24601460
-0.13607010
0.01660858
0.07948497
-0.12354790
-0.25192180
11
0.00000000
0.06666668
0.16666670
0.26666670
0.33333330
0.40000000
0.46666670
0.53333340
0.60000000
0.73333330
0.80000000
0.96634840
0.98296250
0.98008840
0.98637290
0.97143970
0.96341500
0.98337790
0.98990600
0.98565450
0.98452570
0.96185750
2
0.00000000
0.80000000
1.00000000
1.00000000
2
0.00000000
0.80000000
1.00000000
1.00000000
2
0.00000000
0.80000000
1.00000000
1.00000000
J_R_HairTail_04
2
0.00000000
0.80000000
-0.13752580
-0.13752580
2
0.00000000
0.80000000
0.00000000
0.00000000
2
0.00000000
0.80000000
0.00000000
0.00000000
9
0.00000000
0.10000000
0.20000000
0.30000000
0.40000000
0.50000000
0.60000000
0.73333330
0.80000000
-0.01604416
-0.03232386
-0.03694234
-0.02047400
-0.01062824
-0.02950223
-0.04604131
-0.02209831
-0.01024990
9
0.00000000
0.10000000
0.20000000
0.30000000
0.40000000
0.50000000
0.60000000
0.73333330
0.80000000
0.02074973
0.01804133
0.01821171
0.02375887
0.02963000
0.05790093
0.06753465
0.04688698
0.02689013
9
0.00000000
0.10000000
0.20000000
0.30000000
0.40000000
0.50000000
0.60000000
0.73333330
0.80000000
-0.04571511
0.10086650
0.15327770
0.01115061
-0.06831427
0.06395452
0.15959230
0.01756765
-0.07221445
9
0.00000000
0.10000000
0.20000000
0.30000000
0.40000000
0.50000000
0.60000000
0.73333330
0.80000000
0.99861010
0.99421110
0.98732440
0.99944590
0.99716710
0.99583480
0.98379340
0.99850120
0.99697390
2
0.00000000
0.80000000
1.00000000
1.00000000
2
0.00000000
0.80000000
1.00000000
1.00000000
2
0.00000000
0.80000000
1.00000000
1.00000000
J_R_HairTail_05
2
0.00000000
0.80000000
-0.14597890
-0.14597890
2
0.00000000
0.80000000
0.00000000
0.00000000
2
0.00000000
0.80000000
0.00000000
0.00000000
9
0.00000000
0.10000000
0.20000000
0.30000000
0.40000000
0.50000000
0.60000000
0.73333330
0.80000000
0.00586389
-0.00958537
-0.01716049
0.00121806
0.00581406
-0.00366043
-0.01406106
0.00029755
0.00613644
9
0.00000000
0.10000000
0.20000000
0.30000000
0.40000000
0.50000000
0.60000000
0.73333330
0.80000000
0.11078690
0.15163340
0.15837530
0.11906940
0.09089298
0.11161920
0.12734300
0.10616220
0.09132577
9
0.00000000
0.10000000
0.20000000
0.30000000
0.40000000
0.50000000
0.60000000
0.73333330
0.80000000
-0.07340902
0.07357524
0.12591030
-0.01664805
-0.09545751
0.03941598
0.13494170
-0.00777524
-0.09973143
9
0.00000000
0.10000000
0.20000000
0.30000000
0.40000000
0.50000000
0.60000000
0.73333330
0.80000000
0.99111200
0.98564810
0.97916770
0.99274560
0.99125810
0.99296230
0.98253590
0.99431840
0.99079540
2
0.00000000
0.80000000
1.00000100
1.00000100
2
0.00000000
0.80000000
1.00000000
1.00000000
2
0.00000000
0.80000000
1.00000100
1.00000100
J_Mune_root_00
1
0.00000000
-0.08766683
1
0.00000000
-0.00030448
1
0.00000000
0.00000002
4
0.00000000
0.23333330
0.63333330
0.80000000
-0.39451370
-0.37932720
-0.41433260
-0.39778680
4
0.00000000
0.23333330
0.63333330
0.80000000
0.53005390
0.52753730
0.53844990
0.52897470
4
0.00000000
0.23333330
0.63333330
0.80000000
0.50876050
0.51826550
0.49440930
0.50983980
4
0.00000000
0.23333330
0.63333330
0.80000000
0.55187370
0.55607210
0.54218050
0.54955880
2
0.00000000
0.80000000
1.00000000
1.00000000
2
0.00000000
0.80000000
1.00000100
1.00000100
2
0.00000000
0.80000000
1.00000000
1.00000000
J_L_SusoSide_00
2
0.00000000
0.80000000
-0.05543403
-0.05543403
2
0.00000000
0.80000000
0.00173068
0.00173068
2
0.00000000
0.80000000
0.09865373
0.09865373
6
0.00000000
0.23333330
0.40000000
0.53333340
0.66666670
0.80000000
-0.16097280
-0.21875850
-0.14198930
-0.21875850
-0.21672720
-0.14019910
6
0.00000000
0.23333330
0.40000000
0.53333340
0.66666670
0.80000000
0.68547650
0.66927940
0.68965880
0.66927940
0.66993990
0.69002490
6
0.00000000
0.23333330
0.40000000
0.53333340
0.66666670
0.80000000
0.69823910
0.68470790
0.70153730
0.68470790
0.68527540
0.70181980
6
0.00000000
0.23333330
0.40000000
0.53333340
0.66666670
0.80000000
0.12912040
0.18810870
0.10979690
0.18810870
0.18603070
0.10797590
2
0.00000000
0.80000000
1.00000000
1.00000000
2
0.00000000
0.80000000
1.00000000
1.00000000
2
0.00000000
0.80000000
1.00000000
1.00000000
J_R_SusoSide_00
2
0.00000000
0.80000000
-0.05543370
-0.05543370
2
0.00000000
0.80000000
0.00173073
0.00173073
2
0.00000000
0.80000000
-0.09865367
-0.09865367
6
0.00000000
0.23333330
0.40000000
0.53333340
0.66666670
0.80000000
0.68547640
0.66927920
0.68965860
0.66927920
0.66993980
0.69002480
6
0.00000000
0.23333330
0.40000000
0.53333340
0.66666670
0.80000000
0.16097330
0.21875910
0.14198990
0.21875910
0.21672780
0.14019980
6
0.00000000
0.23333330
0.40000000
0.53333340
0.66666670
0.80000000
-0.12912090
-0.18810920
-0.10979740
-0.18810920
-0.18603120
-0.10797650
6
0.00000000
0.23333330
0.40000000
0.53333340
0.66666670
0.80000000
0.69823900
0.68470780
0.70153710
0.68470780
0.68527530
0.70181970
2
0.00000000
0.80000000
1.00000000
1.00000000
2
0.00000000
0.80000000
1.00000000
1.00000000
2
0.00000000
0.80000000
1.00000000
1.00000000
J_L_Skirt_00
2
0.00000000
0.80000000
-0.06887829
-0.06887829
2
0.00000000
0.80000000
0.07501759
0.07501759
2
0.00000000
0.80000000
0.05685667
0.05685667
8
0.00000000
0.13333330
0.20000000
0.36666670
0.40000000
0.46666670
0.56666670
0.80000000
-0.19963680
-0.28274920
-0.23495390
-0.11596660
-0.11725440
-0.20079160
-0.25193460
-0.14141150
8
0.00000000
0.13333330
0.20000000
0.36666670
0.40000000
0.46666670
0.56666670
0.80000000
0.97880160
0.95810250
0.97092960
0.99219920
0.99204780
0.97856540
0.96666250
0.98889350
8
0.00000000
0.13333330
0.20000000
0.36666670
0.40000000
0.46666670
0.56666670
0.80000000
-0.00914174
-0.01294764
-0.01075901
-0.00531040
-0.00536939
-0.00919462
-0.01153663
-0.00647548
8
0.00000000
0.13333330
0.20000000
0.36666670
0.40000000
0.46666670
0.56666670
0.80000000
0.04482137
0.04387346
0.04446087
0.04543483
0.04542796
0.04481058
0.04426547
0.04528344
2
0.00000000
0.80000000
1.00000000
1.00000000
2
0.00000000
0.80000000
1.00000000
1.00000000
2
0.00000000
0.80000000
1.00000000
1.00000000
J_L_Skirt_01
2
0.00000000
0.80000000
-0.14191040
-0.14191040
2
0.00000000
0.80000000
0.00000000
0.00000000
2
0.00000000
0.80000000
0.00000000
0.00000000
10
0.00000000
0.03333334
0.16666670
0.26666670
0.33333330
0.40000000
0.56666670
0.70000000
0.76666670
0.80000000
-0.00264142
-0.00182944
-0.00592143
-0.00807650
-0.00509811
-0.00231376
-0.00595091
-0.00809840
-0.00454116
-0.00265625
10
0.00000000
0.03333334
0.16666670
0.26666670
0.33333330
0.40000000
0.56666670
0.70000000
0.76666670
0.80000000
0.03391820
0.03397167
0.03350162
0.03304832
0.03363675
0.03394213
0.03349639
0.03304297
0.03371646
0.03391705
10
0.00000000
0.03333334
0.16666670
0.26666670
0.33333330
0.40000000
0.56666670
0.70000000
0.76666670
0.80000000
-0.12163540
-0.09787510
-0.21735470
-0.28001210
-0.19336800
-0.11205030
-0.21821320
-0.28064760
-0.17712630
-0.12206920
10
0.00000000
0.03333334
0.16666670
0.26666670
0.33333330
0.40000000
0.56666670
0.70000000
0.76666670
0.80000000
0.99199160
0.99461700
0.97549960
0.95939340
0.98053630
0.99312000
0.97530790
0.95920780
0.98360000
0.99193840
2
0.00000000
0.80000000
1.00000000
1.00000000
2
0.00000000
0.80000000
1.00000000
1.00000000
2
0.00000000
0.80000000
1.00000000
1.00000000
J_L_SusoFront_00
2
0.00000000
0.80000000
0.00000000
0.00000000
2
0.00000000
0.80000000
-0.00000003
-0.00000003
2
0.00000000
0.80000000
0.00000000
0.00000000
3
0.00000000
0.23333330
0.80000000
0.00064264
0.00061369
0.00059957
3
0.00000000
0.23333330
0.80000000
-0.00732682
-0.00732855
-0.00732968
3
0.00000000
0.23333330
0.80000000
-0.13242390
-0.12747770
-0.12557580
3
0.00000000
0.23333330
0.80000000
0.99116590
0.99181420
0.99205680
2
0.00000000
0.80000000
0.99999950
0.99999950
2
0.00000000
0.80000000
0.99999950
0.99999950
2
0.00000000
0.80000000
0.99999960
0.99999960
J_L_SkirtBack_00
2
0.00000000
0.80000000
-0.07235061
-0.07235061
2
0.00000000
0.80000000
-0.04127109
-0.04127109
2
0.00000000
0.80000000
0.05315229
0.05315229
6
0.00000000
0.23333330
0.40000000
0.53333340
0.66666670
0.80000000
-0.05518754
-0.05505845
-0.05514338
-0.05505845
-0.05506992
-0.05513706
6
0.00000000
0.23333330
0.40000000
0.53333340
0.66666670
0.80000000
0.00083802
-0.00386442
0.00236111
-0.00386442
-0.00369737
0.00250419
6
0.00000000
0.23333330
0.40000000
0.53333340
0.66666670
0.80000000
0.97504280
0.95318940
0.98060750
0.95318940
0.95408690
0.98109220
6
0.00000000
0.23333330
0.40000000
0.53333340
0.66666670
0.80000000
0.21504670
0.29729370
0.18804950
0.29729370
0.29440070
0.18550410
2
0.00000000
0.80000000
1.00000000
1.00000000
2
0.00000000
0.80000000
1.00000000
1.00000000
2
0.00000000
0.80000000
1.00000000
1.00000000
J_L_SkirtBack_01
2
0.00000000
0.80000000
-0.14993030
-0.14993030
2
0.00000000
0.80000000
0.00000000
0.00000000
2
0.00000000
0.80000000
0.00000000
0.00000000
11
0.00000000
0.03333334
0.13333330
0.23333330
0.26666670
0.33333330
0.40000000
0.56666670
0.70000000
0.76666670
0.80000000
0.00761869
0.00583692
0.01082946
0.01682923
0.01720065
0.01175365
0.00664435
0.01331524
0.01724061
0.01073295
0.00727370
11
0.00000000
0.03333334
0.13333330
0.23333330
0.26666670
0.33333330
0.40000000
0.56666670
0.70000000
0.76666670
0.80000000
-0.06227128
-0.06246348
-0.06179385
-0.06043620
-0.06033154
-0.06162474
-0.06238277
-0.06130629
-0.06032013
-0.06181068
-0.06231252
11
0.00000000
0.03333334
0.13333330
0.23333330
0.26666670
0.33333330
0.40000000
0.56666670
0.70000000
0.76666670
0.80000000
-0.08471988
-0.05628143
-0.13604310
-0.23221960
-0.23818550
-0.15083450
-0.06916487
-0.17584650
-0.23882750
-0.13449890
-0.07921126
11
0.00000000
0.03333334
0.13333330
0.23333330
0.26666670
0.33333330
0.40000000
0.56666670
0.70000000
0.76666670
0.80000000
0.99442790
0.99644200
0.98871460
0.97063810
0.96919140
0.98656640
0.99563070
0.98241660
0.96903340
0.98892580
0.99488190
2
0.00000000
0.80000000
1.00000000
1.00000000
2
0.00000000
0.80000000
1.00000000
1.00000000
2
0.00000000
0.80000000
1.00000000
1.00000000
J_L_SusoBack_00
2
0.00000000
0.80000000
0.00000000
0.00000000
2
0.00000000
0.80000000
0.00000000
0.00000000
2
0.00000000
0.80000000
0.00000000
0.00000000
3
0.00000000
0.23333330
0.80000000
-0.00000509
0.00021888
0.00030496
3
0.00000000
0.23333330
0.80000000
0.04489687
0.04489633
0.04489584
3
0.00000000
0.23333330
0.80000000
-0.09521786
-0.09025587
-0.08834813
3
0.00000000
0.23333330
0.80000000
0.99444350
0.99490610
0.99507730
2
0.00000000
0.80000000
1.00000000
1.00000000
2
0.00000000
0.80000000
1.00000000
1.00000000
2
0.00000000
0.80000000
1.00000000
1.00000000
J_R_Skirt_00
2
0.00000000
0.80000000
-0.06847220
-0.06847220
2
0.00000000
0.80000000
0.07501754
0.07501754
2
0.00000000
0.80000000
-0.05734446
-0.05734446
8
0.00000000
0.10000000
0.23333330
0.36666670
0.43333340
0.50000000
0.60000000
0.80000000
-0.16057680
-0.23199160
-0.23127040
-0.16774830
-0.21438230
-0.29850350
-0.24636210
-0.11165780
8
0.00000000
0.10000000
0.23333330
0.36666670
0.43333340
0.50000000
0.60000000
0.80000000
0.98612100
0.97180210
0.97197400
0.98492640
0.97583790
0.95347540
0.96825890
0.99285050
8
0.00000000
0.10000000
0.23333330
0.36666670
0.43333340
0.50000000
0.60000000
0.80000000
0.00678171
0.00979785
0.00976742
0.00708471
0.00905418
0.01260694
0.01040481
0.00471578
8
0.00000000
0.10000000
0.23333330
0.36666670
0.43333340
0.50000000
0.60000000
0.80000000
-0.04164760
-0.04104282
-0.04105015
-0.04159709
-0.04121334
-0.04026880
-0.04089315
-0.04193173
2
0.00000000
0.80000000
1.00000000
1.00000000
2
0.00000000
0.80000000
1.00000000
1.00000000
2
0.00000000
0.80000000
1.00000000
1.00000000
J_R_Skirt_01
2
0.00000000
0.80000000
-0.14191030
-0.14191030
2
0.00000000
0.80000000
0.00000000
0.00000000
2
0.00000000
0.80000000
0.00000000
0.00000000
10
0.00000000
0.03333334
0.16666670
0.26666670
0.33333330
0.40000000
0.56666670
0.70000000
0.76666670
0.80000000
0.00264141
0.00182943
0.00592141
0.00807648
0.00509810
0.00231375
0.00595089
0.00809837
0.00454115
0.00265624
10
0.00000000
0.03333334
0.16666670
0.26666670
0.33333330
0.40000000
0.56666670
0.70000000
0.76666670
0.80000000
-0.03391813
-0.03397161
-0.03350155
-0.03304826
-0.03363668
-0.03394206
-0.03349633
-0.03304290
-0.03371639
-0.03391698
10
0.00000000
0.03333334
0.16666670
0.26666670
0.33333330
0.40000000
0.56666670
0.70000000
0.76666670
0.80000000
-0.12163460
-0.09787434
-0.21735400
-0.28001140
-0.19336730
-0.11204960
-0.21821240
-0.28064690
-0.17712560
-0.12206840
10
0.00000000
0.03333334
0.16666670
0.26666670
0.33333330
0.40000000
0.56666670
0.70000000
0.76666670
0.80000000
0.99199180
0.99461710
0.97549980
0.95939370
0.98053640
0.99312010
0.97530810
0.95920800
0.98360010
0.99193850
2
0.00000000
0.80000000
1.00000000
1.00000000
2
0.00000000
0.80000000
1.00000000
1.00000000
2
0.00000000
0.80000000
1.00000000
1.00000000
J_R_SusoFront_00
2
0.00000000
0.80000000
0.00000000
0.00000000
2
0.00000000
0.80000000
0.00000000
0.00000000
2
0.00000000
0.80000000
0.00000000
0.00000000
3
0.00000000
0.23333330
0.80000000
-0.00065749
-0.00061368
-0.00059961
3
0.00000000
0.23333330
0.80000000
0.00732380
0.00732835
0.00732951
3
0.00000000
0.23333330
0.80000000
-0.13242350
-0.12747750
-0.12557560
3
0.00000000
0.23333330
0.80000000
0.99116600
0.99181420
0.99205680
2
0.00000000
0.80000000
0.99999950
0.99999950
2
0.00000000
0.80000000
0.99999950
0.99999950
2
0.00000000
0.80000000
0.99999960
0.99999960
J_R_SkirtBack_00
2
0.00000000
0.80000000
-0.07197127
-0.07197127
2
0.00000000
0.80000000
-0.04127112
-0.04127112
2
0.00000000
0.80000000
-0.05366487
-0.05366487
7
0.00000000
0.20000000
0.33333330
0.43333340
0.60000000
0.76666670
0.80000000
0.00160180
-0.00392581
0.00209203
0.00209203
-0.00419544
0.00182365
0.00316305
7
0.00000000
0.20000000
0.33333330
0.43333340
0.60000000
0.76666670
0.80000000
0.05172423
0.05159990
0.05170672
0.05170672
0.05157867
0.05171688
0.05165226
7
0.00000000
0.20000000
0.33333330
0.43333340
0.60000000
0.76666670
0.80000000
-0.21504240
-0.31786270
-0.20578840
-0.20578840
-0.32280640
-0.21085730
-0.18549410
7
0.00000000
0.20000000
0.33333330
0.43333340
0.60000000
0.76666670
0.80000000
0.97523270
0.94672350
0.97722730
0.97722730
0.94504920
0.97614620
0.98128180
2
0.00000000
0.80000000
1.00000000
1.00000000
2
0.00000000
0.80000000
1.00000000
1.00000000
2
0.00000000
0.80000000
1.00000000
1.00000000
J_R_SkirtBack_01
2
0.00000000
0.80000000
0.14993040
0.14993040
2
0.00000000
0.80000000
0.00000000
0.00000000
2
0.00000000
0.80000000
-0.00000001
-0.00000001
11
0.00000000
0.03333334
0.13333330
0.23333330
0.26666670
0.33333330
0.40000000
0.56666670
0.70000000
0.76666670
0.80000000
0.01782084
0.01613460
0.02083743
0.02639605
0.02673670
0.02170040
0.01689982
0.02315304
0.02677332
0.02074717
0.01749503
11
0.00000000
0.03333334
0.13333330
0.23333330
0.26666670
0.33333330
0.40000000
0.56666670
0.70000000
0.76666670
0.80000000
-0.05878111
-0.05926615
-0.05778065
-0.05546215
-0.05529875
-0.05746211
-0.05905250
-0.05689234
-0.05528102
-0.05781312
-0.05887891
11
0.00000000
0.03333334
0.13333330
0.23333330
0.26666670
0.33333330
0.40000000
0.56666670
0.70000000
0.76666670
0.80000000
-0.08406599
-0.05562387
-0.13539720
-0.23159360
-0.23756090
-0.15019120
-0.06850891
-0.17520800
-0.23820300
-0.13385270
-0.07855661
11
0.00000000
0.03333334
0.13333330
0.23333330
0.26666670
0.33333330
0.40000000
0.56666670
0.70000000
0.76666670
0.80000000
0.99456530
0.99656070
0.98888560
0.97087160
0.96942870
0.98674710
0.99575790
0.98261350
0.96927110
0.98909590
0.99501560
2
0.00000000
0.80000000
1.00000000
1.00000000
2
0.00000000
0.80000000
1.00000000
1.00000000
2
0.00000000
0.80000000
1.00000000
1.00000000
J_R_SusoBack_00
2
0.00000000
0.80000000
0.00000000
0.00000000
2
0.00000000
0.80000000
0.00000000
0.00000000
2
0.00000000
0.80000000
0.00000000
0.00000000
3
0.00000000
0.23333330
0.80000000
-0.00000509
0.00021888
0.00030496
3
0.00000000
0.23333330
0.80000000
0.04489688
0.04489635
0.04489585
3
0.00000000
0.23333330
0.80000000
-0.09521786
-0.09025587
-0.08834813
3
0.00000000
0.23333330
0.80000000
0.99444350
0.99490610
0.99507730
2
0.00000000
0.80000000
1.00000000
1.00000000
2
0.00000000
0.80000000
1.00000000
1.00000000
2
0.00000000
0.80000000
1.00000000
1.00000000
