111 MTH_DEF
1
0.00000000
1.28945800
1
0.00000000
-0.16327990
1
0.00000000
-0.01346737
1
0.00000000
-0.47192220
1
0.00000000
0.54678040
1
0.00000000
0.45703630
1
0.00000000
0.51907460
1
0.00000000
1.00000100
1
0.00000000
1.00000100
1
0.00000000
1.00000100
EYE_DEF
1
0.00000000
1.28945800
1
0.00000000
-0.16327990
1
0.00000000
-0.01346737
1
0.00000000
-0.47192220
1
0.00000000
0.54678040
1
0.00000000
0.45703630
1
0.00000000
0.51907460
1
0.00000000
1.00000100
1
0.00000000
1.00000100
1
0.00000000
1.00000100
EL_DEF
1
0.00000000
0.00000000
1
0.00000000
0.00000000
1
0.00000000
0.00000000
1
0.00000000
0.00000000
1
0.00000000
0.00000000
1
0.00000000
0.00000000
1
0.00000000
1.00000000
1
0.00000000
1.00000000
1
0.00000000
1.00000000
1
0.00000000
1.00000000
BLW_DEF
1
0.00000000
1.28945800
1
0.00000000
-0.16327990
1
0.00000000
-0.01346737
1
0.00000000
-0.47192220
1
0.00000000
0.54678040
1
0.00000000
0.45703630
1
0.00000000
0.51907460
1
0.00000000
1.00000100
1
0.00000000
1.00000100
1
0.00000000
1.00000100
Character1_Hips
24
0.00000000
0.10000000
0.23333330
0.26666670
0.30000000
0.33333330
0.36666670
0.40000000
0.43333330
0.50000000
0.53333330
0.56666670
0.60000000
0.70000000
0.83333330
1.03333300
1.16666700
1.26666700
1.43333300
1.53333300
1.60000000
1.63333300
2.00000000
2.03333300
-0.03815358
-0.02156870
-0.00157988
0.00226690
0.00540036
0.00740041
0.00839248
0.00840096
0.00786637
0.00611820
0.00565310
0.00531455
0.00519289
0.00465834
0.00449795
0.00478381
0.00528223
0.00583029
0.00833348
0.00637539
0.00184853
-0.00137761
-0.04194640
-0.04290531
24
0.00000000
0.10000000
0.23333330
0.26666670
0.30000000
0.33333330
0.36666670
0.40000000
0.43333330
0.50000000
0.53333330
0.56666670
0.60000000
0.70000000
0.83333330
1.03333300
1.16666700
1.26666700
1.43333300
1.53333300
1.60000000
1.63333300
2.00000000
2.03333300
0.86102630
0.83065510
0.77235140
0.76111920
0.75266900
0.74501440
0.73766490
0.73076250
0.72652390
0.73095020
0.74651310
0.76929620
0.81742920
0.99774240
1.05043000
0.95520800
0.78900270
0.73772710
0.74792900
0.76795480
0.77869400
0.78529910
0.86163180
0.86338670
24
0.00000000
0.10000000
0.23333330
0.26666670
0.30000000
0.33333330
0.36666670
0.40000000
0.43333330
0.50000000
0.53333330
0.56666670
0.60000000
0.70000000
0.83333330
1.03333300
1.16666700
1.26666700
1.43333300
1.53333300
1.60000000
1.63333300
2.00000000
2.03333300
0.05401526
0.04142923
0.02616065
0.02322025
0.02080136
0.01922313
0.01831306
0.01821281
0.01847621
0.01983965
0.02049905
0.02121603
0.02230622
0.02655539
0.02779282
0.02563247
0.02183891
0.01979603
0.01617458
0.01731202
0.02086671
0.02346663
0.05678901
0.05759302
5
0.00000000
0.46666670
1.20000000
1.63333300
2.03333400
-0.52220520
-0.48794870
-0.48951620
-0.48217670
-0.52540580
5
0.00000000
0.46666670
1.20000000
1.63333300
2.03333400
0.53868300
0.53600940
0.53586960
0.54681490
0.53847240
5
0.00000000
0.46666670
1.20000000
1.63333300
2.03333400
0.46025860
0.46316700
0.46341490
0.45203410
0.46015100
5
0.00000000
0.46666670
1.20000000
1.63333300
2.03333400
-0.47464140
-0.50997680
-0.50839380
-0.51396910
-0.47144170
2
0.00000000
2.03333400
0.99999940
0.99999940
2
0.00000000
2.03333400
0.99999930
0.99999930
2
0.00000000
2.03333400
0.99999960
0.99999960
Character1_LeftUpLeg
1
0.00000000
0.06031916
1
0.00000000
0.00207883
1
0.00000000
0.07298301
17
0.00000000
0.13333330
0.33333330
0.53333340
0.70000000
0.76666670
0.80000000
0.86666670
0.93333330
0.96666660
1.03333300
1.10000000
1.16666700
1.33333300
1.56666700
1.86666700
2.03333400
0.03456087
-0.09605025
-0.18916110
-0.18892830
0.00022559
0.08197223
0.07684028
0.07704703
0.06618771
0.02409707
0.05931376
-0.04931334
-0.13484390
-0.19347960
-0.13202500
-0.03588217
0.05962591
17
0.00000000
0.13333330
0.33333330
0.53333340
0.70000000
0.76666670
0.80000000
0.86666670
0.93333330
0.96666660
1.03333300
1.10000000
1.16666700
1.33333300
1.56666700
1.86666700
2.03333400
0.99337080
0.98908510
0.97439710
0.97449560
0.99390470
0.99120990
0.99159830
0.99159650
0.99238530
0.99380270
0.99272360
0.99240390
0.98376470
0.97348090
0.98412540
0.99291890
0.99198630
17
0.00000000
0.13333330
0.33333330
0.53333340
0.70000000
0.76666670
0.80000000
0.86666670
0.93333330
0.96666660
1.03333300
1.10000000
1.16666700
1.33333300
1.56666700
1.86666700
2.03333400
-0.10774870
-0.10611320
-0.11996400
-0.11933960
-0.10789560
-0.09952039
-0.09997724
-0.09977825
-0.09982519
-0.10579580
-0.10080850
-0.11033760
-0.11663050
-0.12066660
-0.11695400
-0.10990620
-0.11041630
17
0.00000000
0.13333330
0.33333330
0.53333340
0.70000000
0.76666670
0.80000000
0.86666670
0.93333330
0.96666660
1.03333300
1.10000000
1.16666700
1.33333300
1.56666700
1.86666700
2.03333400
0.02025554
0.03499886
0.01941841
0.02055553
0.02262752
0.02965134
0.02886041
0.02906053
0.02873345
0.02414376
0.02862633
0.02298482
0.02052975
0.01844295
0.01970766
0.02729913
0.01470141
2
0.00000000
2.03333400
1.00000000
1.00000000
2
0.00000000
2.03333400
1.00000000
1.00000000
2
0.00000000
2.03333400
1.00000000
1.00000000
Character1_LeftLeg
1
0.00000000
-0.35179780
1
0.00000000
-0.00801095
1
0.00000000
0.00514626
25
0.00000000
0.06666668
0.16666670
0.30000000
0.43333340
0.53333340
0.63333330
0.70000000
0.76666670
0.80000000
0.86666670
0.93333330
0.96666660
1.00000000
1.03333300
1.06666700
1.10000000
1.13333300
1.20000000
1.30000000
1.53333300
1.76666700
1.93333400
2.00000000
2.03333400
-0.14242620
-0.10575380
-0.02885704
0.01588726
0.01473028
0.01567595
0.02328499
0.03503217
0.04508303
0.04500920
0.04510888
0.04386343
0.03798221
0.03868924
0.03668241
0.02987305
0.02247421
0.01788474
0.01515603
0.01554683
0.01488951
-0.01811147
-0.10179890
-0.13179260
-0.14574730
25
0.00000000
0.06666668
0.16666670
0.30000000
0.43333340
0.53333340
0.63333330
0.70000000
0.76666670
0.80000000
0.86666670
0.93333330
0.96666660
1.00000000
1.03333300
1.06666700
1.10000000
1.13333300
1.20000000
1.30000000
1.53333300
1.76666700
1.93333400
2.00000000
2.03333400
0.00380667
0.01314658
0.04558320
0.05188768
0.05095560
0.05327366
0.03732250
0.02259135
0.01385496
0.01420197
0.01453726
0.01606814
0.01939827
0.01741661
0.01572228
0.02090117
0.02964965
0.03452814
0.04884115
0.05385806
0.04612056
0.05966043
0.01327322
0.00299897
-0.00027396
25
0.00000000
0.06666668
0.16666670
0.30000000
0.43333340
0.53333340
0.63333330
0.70000000
0.76666670
0.80000000
0.86666670
0.93333330
0.96666660
1.00000000
1.03333300
1.06666700
1.10000000
1.13333300
1.20000000
1.30000000
1.53333300
1.76666700
1.93333400
2.00000000
2.03333400
0.10853350
0.25401580
0.42383940
0.54525080
0.59725260
0.55914930
0.38573670
0.20500520
0.04498975
0.05430042
0.05369505
0.07608223
0.15854870
0.12041460
0.08980177
0.18419840
0.29951710
0.38215830
0.52458390
0.58311180
0.51073720
0.36720950
0.18102190
0.08884181
0.05696103
25
0.00000000
0.06666668
0.16666670
0.30000000
0.43333340
0.53333340
0.63333330
0.70000000
0.76666670
0.80000000
0.86666670
0.93333330
0.96666660
1.00000000
1.03333300
1.06666700
1.10000000
1.13333300
1.20000000
1.30000000
1.53333300
1.76666700
1.93333400
2.00000000
2.03333400
0.98382970
0.96131130
0.90412920
0.83651470
0.80029740
0.82720510
0.92155960
0.97787280
0.99787350
0.99740860
0.99743210
0.99600670
0.98642960
0.99181660
0.99515970
0.98221270
0.95336530
0.92327840
0.84982140
0.81045560
0.85836980
0.92804620
0.97810630
0.98728360
0.98768070
2
0.00000000
2.03333400
0.99999950
0.99999950
2
0.00000000
2.03333400
0.99999950
0.99999950
2
0.00000000
2.03333400
0.99999940
0.99999940
Character1_LeftFoot
1
0.00000000
-0.37866630
1
0.00000000
0.00382815
1
0.00000000
-0.00377702
21
0.00000000
0.13333330
0.30000000
0.46666670
0.53333340
0.60000000
0.66666670
0.76666670
0.80000000
0.90000000
0.93333330
0.96666660
1.03333300
1.06666700
1.10000000
1.13333300
1.16666700
1.23333300
1.53333300
1.86666700
2.03333400
-0.01320835
-0.00780066
-0.00098710
-0.00102241
-0.00069857
-0.00144645
-0.00220958
-0.00520219
-0.00477814
-0.00502557
-0.00426266
-0.00368232
-0.00720410
-0.00513391
-0.00472714
-0.00374549
-0.00263686
-0.00081429
-0.00200673
-0.00674725
-0.01246509
21
0.00000000
0.13333330
0.30000000
0.46666670
0.53333340
0.60000000
0.66666670
0.76666670
0.80000000
0.90000000
0.93333330
0.96666660
1.03333300
1.06666700
1.10000000
1.13333300
1.16666700
1.23333300
1.53333300
1.86666700
2.03333400
0.05415008
0.03875466
0.01656752
0.01792605
0.01627279
0.01510360
0.01084431
0.01378832
0.01290103
0.01367912
0.01316528
0.01133228
0.01951995
0.02010758
0.01978988
0.02158652
0.02062123
0.01616112
0.02007699
0.03277567
0.05029447
21
0.00000000
0.13333330
0.30000000
0.46666670
0.53333340
0.60000000
0.66666670
0.76666670
0.80000000
0.90000000
0.93333330
0.96666660
1.03333300
1.06666700
1.10000000
1.13333300
1.16666700
1.23333300
1.53333300
1.86666700
2.03333400
-0.35448150
-0.47697370
-0.55944280
-0.58683470
-0.56605960
-0.48685540
-0.31290700
-0.12726920
-0.12999840
-0.13837850
-0.15566950
-0.19580810
-0.13963390
-0.19461470
-0.31104830
-0.42986580
-0.51412190
-0.56656520
-0.54141420
-0.43066910
-0.33305480
21
0.00000000
0.13333330
0.30000000
0.46666670
0.53333340
0.60000000
0.66666670
0.76666670
0.80000000
0.90000000
0.93333330
0.96666660
1.03333300
1.06666700
1.10000000
1.13333300
1.16666700
1.23333300
1.53333300
1.86666700
2.03333400
0.93340030
0.87802810
0.82870280
0.80950770
0.82420340
0.87335080
0.94971930
0.99175880
0.99141880
0.99027220
0.98771230
0.98056980
0.98998460
0.98066030
0.95017630
0.90262700
0.85746510
0.82385800
0.84051390
0.90188930
0.94148270
2
0.00000000
2.03333400
0.99999990
0.99999990
2
0.00000000
2.03333400
0.99999960
0.99999960
2
0.00000000
2.03333400
1.00000000
1.00000000
Character1_LeftToeBase
1
0.00000000
-0.08429568
1
0.00000000
0.04771042
1
0.00000000
-0.00392169
2
0.00000000
2.03333400
-0.02381142
-0.02381142
2
0.00000000
2.03333400
0.01439191
0.01439191
2
0.00000000
2.03333400
-0.51871630
-0.51871630
2
0.00000000
2.03333400
0.85449360
0.85449360
2
0.00000000
2.03333400
1.00000000
1.00000000
2
0.00000000
2.03333400
0.99999980
0.99999980
2
0.00000000
2.03333400
1.00000000
1.00000000
Character1_RightUpLeg
1
0.00000000
0.06083579
1
0.00000000
0.00207879
1
0.00000000
-0.07255261
17
0.00000000
0.23333330
0.40000000
0.56666670
0.70000000
0.76666670
0.80000000
0.86666670
0.93333330
0.96666660
1.03333300
1.13333300
1.16666700
1.26666700
1.56666700
1.96666700
2.03333400
-0.01300604
-0.22846550
-0.28320020
-0.23840430
-0.03181463
0.05491998
0.05089633
0.05080368
0.03880595
-0.00401748
-0.00428203
-0.14091160
-0.20615330
-0.27170700
-0.20489050
-0.02363510
0.01852317
17
0.00000000
0.23333330
0.40000000
0.56666670
0.70000000
0.76666670
0.80000000
0.86666670
0.93333330
0.96666660
1.03333300
1.13333300
1.16666700
1.26666700
1.56666700
1.96666700
2.03333400
0.99632190
0.96545740
0.94808930
0.96130350
0.99082750
0.99037800
0.99059250
0.99063010
0.99121250
0.99148170
0.99156120
0.98071070
0.96878920
0.95223250
0.96919080
0.99589010
0.99608410
17
0.00000000
0.23333330
0.40000000
0.56666670
0.70000000
0.76666670
0.80000000
0.86666670
0.93333330
0.96666660
1.03333300
1.13333300
1.16666700
1.26666700
1.56666700
1.96666700
2.03333400
0.01593930
0.11499250
0.14051170
0.13242150
0.12615450
0.11891600
0.11923090
0.11891360
0.11876350
0.12433570
0.12282150
0.12961410
0.13190000
0.13392730
0.13119420
0.02487514
0.00458222
17
0.00000000
0.23333330
0.40000000
0.56666670
0.70000000
0.76666670
0.80000000
0.86666670
0.93333330
0.96666660
1.03333300
1.13333300
1.16666700
1.26666700
1.56666700
1.96666700
2.03333400
-0.08318403
-0.04972215
-0.03436288
-0.03903228
-0.03651978
-0.04465644
-0.04381989
-0.04393821
-0.04343912
-0.03858233
-0.04126593
-0.03937699
-0.03938074
-0.03862579
-0.03843487
-0.08381934
-0.08632746
2
0.00000000
2.03333400
1.00000000
1.00000000
2
0.00000000
2.03333400
1.00000000
1.00000000
2
0.00000000
2.03333400
1.00000000
1.00000000
Character1_RightLeg
1
0.00000000
-0.35136370
1
0.00000000
-0.00801128
1
0.00000000
-0.01823371
21
0.00000000
0.03333334
0.26666670
0.40000000
0.53333340
0.63333330
0.70000000
0.76666670
0.80000000
0.86666670
0.93333330
0.96666660
1.00000000
1.03333300
1.13333300
1.16666700
1.23333300
1.40000000
1.56666700
1.90000000
2.03333400
0.00765317
0.00938356
0.02158836
0.02597240
0.02363228
0.01892091
0.00733588
0.00303148
0.00209703
0.00239581
0.00391489
0.00554795
0.00960721
0.01671860
0.03636330
0.03238149
0.02358588
0.02733209
0.02761968
0.00694722
0.00533369
21
0.00000000
0.03333334
0.26666670
0.40000000
0.53333340
0.63333330
0.70000000
0.76666670
0.80000000
0.86666670
0.93333330
0.96666660
1.00000000
1.03333300
1.13333300
1.16666700
1.23333300
1.40000000
1.56666700
1.90000000
2.03333400
-0.00594253
-0.00622576
-0.02372971
-0.02333787
-0.02441794
-0.01787813
-0.01462417
-0.01472046
-0.01480246
-0.01487591
-0.01466244
-0.01433852
-0.01344478
-0.01188123
-0.01220565
-0.01726363
-0.02422184
-0.02383351
-0.02247444
-0.00778397
-0.00501129
21
0.00000000
0.03333334
0.26666670
0.40000000
0.53333340
0.63333330
0.70000000
0.76666670
0.80000000
0.86666670
0.93333330
0.96666660
1.00000000
1.03333300
1.13333300
1.16666700
1.23333300
1.40000000
1.56666700
1.90000000
2.03333400
0.11191930
0.19138870
0.53865450
0.60118930
0.57115700
0.39591920
0.20567360
0.04592392
0.05470270
0.05426909
0.07500581
0.15595620
0.14794270
0.13921650
0.36147350
0.47271520
0.57106110
0.58008120
0.51053310
0.23117130
0.05151090
21
0.00000000
0.03333334
0.26666670
0.40000000
0.53333340
0.63333330
0.70000000
0.76666670
0.80000000
0.86666670
0.93333330
0.96666660
1.00000000
1.03333300
1.13333300
1.16666700
1.23333300
1.40000000
1.56666700
1.90000000
2.03333400
0.99300170
0.98144970
0.84191580
0.79834340
0.82013720
0.91791640
0.97848390
0.99883190
0.99839080
0.99841270
0.99706760
0.98764430
0.98885790
0.99004950
0.93159310
0.88045090
0.82021110
0.81375100
0.85912050
0.97285720
0.99864560
2
0.00000000
2.03333400
1.00000000
1.00000000
2
0.00000000
2.03333400
1.00000000
1.00000000
2
0.00000000
2.03333400
1.00000000
1.00000000
Character1_RightFoot
1
0.00000000
-0.37854540
1
0.00000000
0.00382444
1
0.00000000
-0.01031455
21
0.00000000
0.23333330
0.40000000
0.53333340
0.60000000
0.63333330
0.70000000
0.76666670
0.80000000
0.90000000
0.93333330
0.96666660
1.03333300
1.06666700
1.10000000
1.13333300
1.16666700
1.23333300
1.53333300
1.93333400
2.03333400
0.02167400
0.02244021
0.02445256
0.02355276
0.02017745
0.01710648
0.01098478
0.00793110
0.00766714
0.00804455
0.00802633
0.00987858
0.00981489
0.01141954
0.01490989
0.01884988
0.02155708
0.02364281
0.02230316
0.02258490
0.02159325
21
0.00000000
0.23333330
0.40000000
0.53333340
0.60000000
0.63333330
0.70000000
0.76666670
0.80000000
0.90000000
0.93333330
0.96666660
1.03333300
1.06666700
1.10000000
1.13333300
1.16666700
1.23333300
1.53333300
1.93333400
2.03333400
-0.07652616
-0.06008662
-0.06312991
-0.06095991
-0.05881194
-0.05706540
-0.05518093
-0.05367381
-0.05364938
-0.05339289
-0.05369493
-0.05477070
-0.05479310
-0.05564516
-0.05641662
-0.05717420
-0.05933894
-0.06110166
-0.05946996
-0.07608285
-0.07901867
21
0.00000000
0.23333330
0.40000000
0.53333340
0.60000000
0.63333330
0.70000000
0.76666670
0.80000000
0.90000000
0.93333330
0.96666660
1.03333300
1.06666700
1.10000000
1.13333300
1.16666700
1.23333300
1.53333300
1.93333400
2.03333400
-0.31707220
-0.48542730
-0.52252190
-0.50904780
-0.42661660
-0.33726040
-0.14380690
-0.03442370
-0.03558397
-0.04361756
-0.06243195
-0.10482100
-0.09748542
-0.15453680
-0.26833460
-0.39155960
-0.46172760
-0.50969590
-0.48538670
-0.35054920
-0.29125820
21
0.00000000
0.23333330
0.40000000
0.53333340
0.60000000
0.63333330
0.70000000
0.76666670
0.80000000
0.90000000
0.93333330
0.96666660
1.03333300
1.06666700
1.10000000
1.13333300
1.16666700
1.23333300
1.53333300
1.93333400
2.03333400
0.94506040
0.87192110
0.84993390
0.85825380
0.90229280
0.93952450
0.98800500
0.99793350
0.99789620
0.99758810
0.99657150
0.99293260
0.99367900
0.98635270
0.96155670
0.91818130
0.88477220
0.85785650
0.87198950
0.93317550
0.95313090
2
0.00000000
2.03333400
0.99999970
0.99999970
2
0.00000000
2.03333400
0.99999950
0.99999950
2
0.00000000
2.03333400
0.99999980
0.99999980
Character1_RightToeBase
1
0.00000000
-0.08439235
1
0.00000000
0.04766033
1
0.00000000
0.00202567
2
0.00000000
2.03333400
-0.00003086
-0.00003086
2
0.00000000
2.03333400
-0.00005088
-0.00005088
2
0.00000000
2.03333400
-0.51891710
-0.51891710
2
0.00000000
2.03333400
0.85482460
0.85482460
2
0.00000000
2.03333400
1.00000000
1.00000000
2
0.00000000
2.03333400
0.99999980
0.99999980
2
0.00000000
2.03333400
0.99999990
0.99999990
Character1_Spine
1
0.00000000
-0.02271334
1
0.00000000
0.00818150
1
0.00000000
-0.00008070
7
0.00000000
0.30000000
0.66666670
1.06666700
1.33333300
1.63333300
2.03333400
0.00105619
0.01381692
0.01362426
0.01359991
0.01416868
0.01218061
0.00037550
7
0.00000000
0.30000000
0.66666670
1.06666700
1.33333300
1.63333300
2.03333400
-0.00184588
-0.00279237
-0.00296244
-0.00317562
-0.00345420
-0.00293268
-0.00177323
7
0.00000000
0.30000000
0.66666670
1.06666700
1.33333300
1.63333300
2.03333400
-0.04590244
-0.08684621
-0.07243674
-0.05556753
-0.05900926
-0.09113649
-0.04294281
7
0.00000000
0.30000000
0.66666670
1.06666700
1.33333300
1.63333300
2.03333400
0.99888960
0.99612200
0.99727550
0.99835730
0.99815090
0.99575960
0.99907590
2
0.00000000
2.03333400
1.00000000
1.00000000
2
0.00000000
2.03333400
1.00000000
1.00000000
2
0.00000000
2.03333400
1.00000000
1.00000000
Character1_Spine1
1
0.00000000
-0.09134354
1
0.00000000
0.00175515
1
0.00000000
-0.00000001
11
0.00000000
0.30000000
0.53333340
0.60000000
0.70000000
0.86666670
1.06666700
1.23333300
1.63333300
1.93333400
2.03333400
-0.01242068
-0.01182857
-0.01183207
-0.01185271
-0.01227057
-0.01248390
-0.01201131
-0.01183108
-0.01179906
-0.01227837
-0.01243779
11
0.00000000
0.30000000
0.53333340
0.60000000
0.70000000
0.86666670
1.06666700
1.23333300
1.63333300
1.93333400
2.03333400
-0.00111949
-0.00406551
-0.00412673
-0.00351399
-0.00205560
-0.00167668
-0.00271348
-0.00413063
-0.00364491
-0.00156766
-0.00128588
11
0.00000000
0.30000000
0.53333340
0.60000000
0.70000000
0.86666670
1.06666700
1.23333300
1.63333300
1.93333400
2.03333400
0.05855183
-0.14660770
-0.15141770
-0.10331690
0.01769249
0.05181938
-0.03840949
-0.15169950
-0.11408610
0.05558119
0.08072618
11
0.00000000
0.30000000
0.53333340
0.60000000
0.70000000
0.86666670
1.06666700
1.23333300
1.63333300
1.93333400
2.03333400
0.99820650
0.98911570
0.98839040
0.99457170
0.99976610
0.99857710
0.99918620
0.98834720
0.99339410
0.99837740
0.99665790
2
0.00000000
2.03333400
1.00000000
1.00000000
2
0.00000000
2.03333400
1.00000000
1.00000000
2
0.00000000
2.03333400
1.00000000
1.00000000
Character1_Spine2
1
0.00000000
-0.08766678
1
0.00000000
-0.00030447
1
0.00000000
-0.00000002
11
0.00000000
0.13333330
0.46666670
0.60000000
0.66666670
0.80000000
1.06666700
1.23333300
1.60000000
1.90000000
2.03333400
-0.00894882
-0.00791462
-0.00495725
-0.00540181
-0.00559696
-0.00559390
-0.00556416
-0.00526677
-0.00562719
-0.00840919
-0.00870370
11
0.00000000
0.13333330
0.46666670
0.60000000
0.66666670
0.80000000
1.06666700
1.23333300
1.60000000
1.90000000
2.03333400
-0.01284238
-0.00704046
-0.00095584
-0.00204071
-0.00331186
-0.00428768
-0.00315830
-0.00180536
-0.00216802
-0.00995458
-0.01194243
11
0.00000000
0.13333330
0.46666670
0.60000000
0.66666670
0.80000000
1.06666700
1.23333300
1.60000000
1.90000000
2.03333400
0.09718262
0.00379771
-0.12098780
-0.02714692
0.10353900
0.19771470
0.08770700
-0.05402351
-0.07723114
0.08208086
0.12099320
11
0.00000000
0.13333330
0.46666670
0.60000000
0.66666670
0.80000000
1.06666700
1.23333300
1.60000000
1.90000000
2.03333400
0.99493860
0.99993670
0.99264120
0.99961480
0.99460420
0.98023430
0.99612580
0.99852410
0.99699500
0.99654050
0.99254330
2
0.00000000
2.03333400
0.99999970
0.99999970
2
0.00000000
2.03333400
0.99999970
0.99999970
2
0.00000000
2.03333400
1.00000000
1.00000000
Character1_LeftShoulder
1
0.00000000
-0.12236680
1
0.00000000
-0.00139498
1
0.00000000
0.04222679
9
0.00000000
0.03333334
0.40000000
0.60000000
0.70000000
0.86666670
1.16666700
1.40000000
2.03333400
0.11877540
0.11849480
0.11939320
0.11445760
0.10258740
0.09882765
0.10737830
0.11876860
0.11850150
9
0.00000000
0.03333334
0.40000000
0.60000000
0.70000000
0.86666670
1.16666700
1.40000000
2.03333400
0.71611390
0.71426520
0.72017870
0.68771230
0.61014770
0.58570090
0.64137380
0.71605770
0.71430900
9
0.00000000
0.03333334
0.40000000
0.60000000
0.70000000
0.86666670
1.16666700
1.40000000
2.03333400
-0.10321370
-0.10352820
-0.10249350
-0.10797710
-0.11931220
-0.12244480
-0.11501970
-0.10321740
-0.10352100
9
0.00000000
0.03333334
0.40000000
0.60000000
0.70000000
0.86666670
1.16666700
1.40000000
2.03333400
0.68006240
0.68195750
0.67570920
0.70872580
0.77650510
0.79510690
0.75091950
0.68007470
0.68191160
2
0.00000000
2.03333400
0.99999990
0.99999990
2
0.00000000
2.03333400
1.00000000
1.00000000
2
0.00000000
2.03333400
1.00000000
1.00000000
Character1_LeftArm
1
0.00000000
-0.05543689
1
0.00000000
-0.00000005
1
0.00000000
0.00000092
20
0.00000000
0.13333330
0.23333330
0.30000000
0.40000000
0.50000000
0.53333340
0.56666670
0.60000000
0.63333330
0.66666670
0.70000000
0.73333330
0.80000000
1.06666700
1.33333300
1.50000000
1.70000000
1.93333400
2.03333400
0.16595500
0.01501329
-0.09185161
-0.12910880
-0.12810240
-0.11464520
-0.12513650
-0.14467640
-0.19120090
-0.25815110
-0.32315610
-0.36520930
-0.38553480
-0.39875940
-0.37523080
-0.30101630
-0.28583850
-0.18178930
0.07506277
0.17441860
20
0.00000000
0.13333330
0.23333330
0.30000000
0.40000000
0.50000000
0.53333340
0.56666670
0.60000000
0.63333330
0.66666670
0.70000000
0.73333330
0.80000000
1.06666700
1.33333300
1.50000000
1.70000000
1.93333400
2.03333400
0.55301090
0.47996150
0.40183970
0.35441540
0.37261350
0.40012990
0.37061100
0.31085760
0.18103650
0.00011174
-0.17109600
-0.28083360
-0.33374880
-0.36425520
-0.31404040
-0.30925740
-0.12905790
0.17486870
0.46807170
0.56067660
20
0.00000000
0.13333330
0.23333330
0.30000000
0.40000000
0.50000000
0.53333340
0.56666670
0.60000000
0.63333330
0.66666670
0.70000000
0.73333330
0.80000000
1.06666700
1.33333300
1.50000000
1.70000000
1.93333400
2.03333400
0.07817219
-0.08218428
-0.26712420
-0.35189660
-0.38785620
-0.36811270
-0.35717140
-0.34493320
-0.33435500
-0.33141490
-0.35126840
-0.37913090
-0.39698140
-0.40862860
-0.39079860
-0.42590230
-0.29640090
-0.04872641
0.11415570
0.08527452
20
0.00000000
0.13333330
0.23333330
0.30000000
0.40000000
0.50000000
0.53333340
0.56666670
0.60000000
0.63333330
0.66666670
0.70000000
0.73333330
0.80000000
1.06666700
1.33333300
1.50000000
1.70000000
1.93333400
2.03333400
0.81272820
0.87330260
0.87105270
0.85667350
0.83325670
0.83141180
0.84818450
0.87376050
0.90491700
0.90748130
0.86192040
0.80250510
0.76313850
0.73575250
0.77965180
0.79520840
0.90210140
0.96643640
0.87306520
0.80495230
2
0.00000000
2.03333400
0.99999970
0.99999970
2
0.00000000
2.03333400
0.99999990
0.99999990
2
0.00000000
2.03333400
0.99999980
0.99999980
Character1_LeftForeArm
1
0.00000000
-0.23377720
1
0.00000000
0.00001719
1
0.00000000
0.00001175
22
0.00000000
0.10000000
0.16666670
0.30000000
0.46666670
0.50000000
0.53333340
0.56666670
0.60000000
0.63333330
0.66666670
0.70000000
0.73333330
0.76666670
0.96666660
1.10000000
1.20000000
1.36666700
1.50000000
1.73333300
1.96666700
2.03333400
-0.11557120
-0.12588120
-0.10328440
-0.00278587
0.05842348
0.04648051
0.00685856
-0.04324997
-0.14857370
-0.28918530
-0.40389340
-0.46850380
-0.49298720
-0.50111210
-0.49081850
-0.48315870
-0.45236970
-0.32599390
-0.29289680
-0.22935620
-0.12624140
-0.11396620
22
0.00000000
0.10000000
0.16666670
0.30000000
0.46666670
0.50000000
0.53333340
0.56666670
0.60000000
0.63333330
0.66666670
0.70000000
0.73333330
0.76666670
0.96666660
1.10000000
1.20000000
1.36666700
1.50000000
1.73333300
1.96666700
2.03333400
-0.00972930
-0.09519699
-0.18003650
-0.29348430
-0.28976320
-0.28842980
-0.29669500
-0.29901500
-0.28418160
-0.23168060
-0.13656430
-0.04933971
0.00200460
0.02645344
0.03023496
-0.06878676
-0.23272550
-0.41368510
-0.36406780
-0.16236210
-0.01553135
-0.00366943
22
0.00000000
0.10000000
0.16666670
0.30000000
0.46666670
0.50000000
0.53333340
0.56666670
0.60000000
0.63333330
0.66666670
0.70000000
0.73333330
0.76666670
0.96666660
1.10000000
1.20000000
1.36666700
1.50000000
1.73333300
1.96666700
2.03333400
-0.19560070
-0.40219070
-0.57917620
-0.78757990
-0.83353490
-0.82352660
-0.79700450
-0.75751290
-0.66748620
-0.52377430
-0.37644830
-0.27275870
-0.21912050
-0.19758060
-0.20209160
-0.27325840
-0.37431940
-0.48743000
-0.48553280
-0.36995070
-0.19745410
-0.17801490
22
0.00000000
0.10000000
0.16666670
0.30000000
0.46666670
0.50000000
0.53333340
0.56666670
0.60000000
0.63333330
0.66666670
0.70000000
0.73333330
0.76666670
0.96666660
1.10000000
1.20000000
1.36666700
1.50000000
1.73333300
1.96666700
2.03333400
0.97380140
0.90185040
0.78833630
0.54182770
0.46673720
0.48626330
0.52603130
0.57869990
0.67203340
0.76704410
0.82250050
0.83885190
0.84198920
0.84210970
0.84696050
0.82894870
0.77529700
0.69642270
0.73886670
0.88553420
0.97202560
0.97739910
2
0.00000000
2.03333400
1.00000000
1.00000000
2
0.00000000
2.03333400
0.99999990
0.99999990
2
0.00000000
2.03333400
1.00000000
1.00000000
Character1_LeftHand
1
0.00000000
-0.16248190
1
0.00000000
-0.00000064
1
0.00000000
0.00000025
18
0.00000000
0.26666670
0.30000000
0.36666670
0.50000000
0.56666670
0.60000000
0.66666670
0.70000000
0.76666670
1.00000000
1.06666700
1.13333300
1.33333300
1.36666700
1.46666700
2.00000000
2.03333400
-0.05044024
0.21636690
0.24737860
0.24739520
0.24739310
0.23662740
0.19678990
0.12766100
0.08611426
0.07488782
0.07490627
0.08176238
0.12839150
0.25357040
0.27745000
0.23929180
-0.05457592
-0.07638575
18
0.00000000
0.26666670
0.30000000
0.36666670
0.50000000
0.56666670
0.60000000
0.66666670
0.70000000
0.76666670
1.00000000
1.06666700
1.13333300
1.33333300
1.36666700
1.46666700
2.00000000
2.03333400
-0.15197790
-0.21909230
-0.22603280
-0.22602230
-0.22601820
-0.21691210
-0.18320420
-0.12430370
-0.08874521
-0.07920924
-0.07919246
-0.08389094
-0.11613110
-0.20184440
-0.21806080
-0.21412140
-0.14995350
-0.14458080
18
0.00000000
0.26666670
0.30000000
0.36666670
0.50000000
0.56666670
0.60000000
0.66666670
0.70000000
0.76666670
1.00000000
1.06666700
1.13333300
1.33333300
1.36666700
1.46666700
2.00000000
2.03333400
-0.06918374
-0.08525983
-0.08674927
-0.08677185
-0.08676700
-0.08062512
-0.05737169
-0.01782220
0.00554780
0.01206561
0.01209140
0.00858333
-0.01509898
-0.07961550
-0.09211952
-0.09255850
-0.06941827
-0.06743802
18
0.00000000
0.26666670
0.30000000
0.36666670
0.50000000
0.56666670
0.60000000
0.66666670
0.70000000
0.76666670
1.00000000
1.06666700
1.13333300
1.33333300
1.36666700
1.46666700
2.00000000
2.03333400
0.98466860
0.94758360
0.93818310
0.93817920
0.93818120
0.94363990
0.96146680
0.98383620
0.99230940
0.99396790
0.99396750
0.99307780
0.98478490
0.94266760
0.93112030
0.94250970
0.98474190
0.98423260
2
0.00000000
2.03333400
1.00000000
1.00000000
2
0.00000000
2.03333400
1.00000000
1.00000000
2
0.00000000
2.03333400
1.00000000
1.00000000
Character1_LeftHandThumb1
1
0.00000000
-0.02476070
1
0.00000000
0.01826633
1
0.00000000
0.01423601
3
0.00000000
1.63333300
2.03333400
0.81820210
0.81820260
0.81820250
3
0.00000000
1.63333300
2.03333400
-0.15433490
-0.15433610
-0.15433410
3
0.00000000
1.63333300
2.03333400
-0.28779530
-0.28779340
-0.28779500
3
0.00000000
1.63333300
2.03333400
0.47318060
0.47318060
0.47318050
2
0.00000000
2.03333400
0.99999960
0.99999960
2
0.00000000
2.03333400
0.99999990
0.99999990
2
0.00000000
2.03333400
1.00000000
1.00000000
Character1_LeftHandThumb2
1
0.00000000
-0.03214544
1
0.00000000
0.00198593
1
0.00000000
0.00152295
3
0.00000000
1.63333300
2.03333400
-0.00077449
-0.00077384
-0.00077473
3
0.00000000
1.63333300
2.03333400
0.16337270
0.16337410
0.16337220
3
0.00000000
1.63333300
2.03333400
-0.09087966
-0.09088077
-0.09088033
3
0.00000000
1.63333300
2.03333400
0.98236940
0.98236910
0.98236940
2
0.00000000
2.03333400
0.99999990
0.99999990
2
0.00000000
2.03333400
1.00000000
1.00000000
2
0.00000000
2.03333400
0.99999980
0.99999980
Character1_LeftHandThumb3
1
0.00000000
-0.01756597
1
0.00000000
-0.00100338
1
0.00000000
0.00008474
3
0.00000000
1.63333300
2.03333400
-0.01560859
-0.01560754
-0.01560855
3
0.00000000
1.63333300
2.03333400
0.21748960
0.21748990
0.21748910
3
0.00000000
1.63333300
2.03333400
-0.01221602
-0.01221509
-0.01221592
3
0.00000000
1.63333300
2.03333400
0.97586140
0.97586130
0.97586150
2
0.00000000
2.03333400
0.99999990
0.99999990
2
0.00000000
2.03333400
1.00000000
1.00000000
2
0.00000000
2.03333400
1.00000000
1.00000000
Character1_LeftHandThumb4
1
0.00000000
-0.02630421
1
0.00000000
-0.00114385
1
0.00000000
-0.00057086
2
0.00000000
2.03333400
-0.02557532
-0.02557532
2
0.00000000
2.03333400
-0.01064174
-0.01064174
2
0.00000000
2.03333400
0.02615063
0.02615063
2
0.00000000
2.03333400
0.99927410
0.99927410
2
0.00000000
2.03333400
1.00000100
1.00000100
2
0.00000000
2.03333400
1.00000000
1.00000000
2
0.00000000
2.03333400
1.00000000
1.00000000
Character1_LeftHandIndex1
1
0.00000000
-0.08074935
1
0.00000000
0.02571336
1
0.00000000
-0.00142829
3
0.00000000
1.63333300
2.03333400
0.13117370
0.13117350
0.13117480
3
0.00000000
1.63333300
2.03333400
0.01083206
0.01082990
0.01083185
3
0.00000000
1.63333300
2.03333400
0.11729350
0.11729420
0.11729370
3
0.00000000
1.63333300
2.03333400
0.98433660
0.98433650
0.98433640
2
0.00000000
2.03333400
0.99999920
0.99999920
2
0.00000000
2.03333400
0.99999990
0.99999990
2
0.00000000
2.03333400
0.99999970
0.99999970
Character1_LeftHandIndex2
1
0.00000000
-0.02426037
1
0.00000000
0.00250706
1
0.00000000
-0.00118660
3
0.00000000
1.63333300
2.03333400
0.00405759
0.00405753
0.00405729
3
0.00000000
1.63333300
2.03333400
0.14955440
0.14955560
0.14955370
3
0.00000000
1.63333300
2.03333400
-0.00280326
-0.00280221
-0.00280340
3
0.00000000
1.63333300
2.03333400
0.98874120
0.98874100
0.98874130
2
0.00000000
2.03333400
0.99999990
0.99999990
2
0.00000000
2.03333400
0.99999980
0.99999980
2
0.00000000
2.03333400
0.99999980
0.99999980
Character1_LeftHandIndex3
1
0.00000000
-0.01609668
1
0.00000000
0.00011821
1
0.00000000
-0.00045832
3
0.00000000
1.63333300
2.03333400
0.01170098
0.01170106
0.01170085
3
0.00000000
1.63333300
2.03333400
0.15083800
0.15083860
0.15083860
3
0.00000000
1.63333300
2.03333400
0.00943814
0.00943781
0.00943912
3
0.00000000
1.63333300
2.03333400
0.98844420
0.98844410
0.98844410
2
0.00000000
2.03333400
0.99999990
0.99999990
2
0.00000000
2.03333400
0.99999990
0.99999990
2
0.00000000
2.03333400
0.99999990
0.99999990
Character1_LeftHandIndex4
1
0.00000000
-0.02124970
1
0.00000000
0.00100698
1
0.00000000
0.00163699
2
0.00000000
2.03333400
-0.71534960
-0.71534960
2
0.00000000
2.03333400
-0.02409541
-0.02409541
2
0.00000000
2.03333400
0.02390490
0.02390490
2
0.00000000
2.03333400
0.69794190
0.69794190
2
0.00000000
2.03333400
1.00000000
1.00000000
2
0.00000000
2.03333400
0.99999950
0.99999950
2
0.00000000
2.03333400
0.99999950
0.99999950
Character1_LeftHandMiddle1
1
0.00000000
-0.08069598
1
0.00000000
0.00582164
1
0.00000000
-0.00602124
3
0.00000000
1.63333300
2.03333400
0.05648606
0.05648570
0.05648686
3
0.00000000
1.63333300
2.03333400
0.02714932
0.02714713
0.02714930
3
0.00000000
1.63333300
2.03333400
0.07564459
0.07564468
0.07564513
3
0.00000000
1.63333300
2.03333400
0.99516340
0.99516350
0.99516330
2
0.00000000
2.03333400
0.99999980
0.99999980
2
0.00000000
2.03333400
1.00000000
1.00000000
2
0.00000000
2.03333400
0.99999990
0.99999990
Character1_LeftHandMiddle2
1
0.00000000
-0.02506312
1
0.00000000
0.00148199
1
0.00000000
0.00379354
3
0.00000000
1.63333300
2.03333400
-0.02758206
-0.02758220
-0.02758191
3
0.00000000
1.63333300
2.03333400
0.26789310
0.26789500
0.26789370
3
0.00000000
1.63333300
2.03333400
0.01547837
0.01547872
0.01547805
3
0.00000000
1.63333300
2.03333400
0.96292940
0.96292880
0.96292920
2
0.00000000
2.03333400
0.99999960
0.99999960
2
0.00000000
2.03333400
0.99999970
0.99999970
2
0.00000000
2.03333400
0.99999960
0.99999960
Character1_LeftHandMiddle3
1
0.00000000
-0.01943113
1
0.00000000
-0.00006784
1
0.00000000
0.00016170
3
0.00000000
1.63333300
2.03333400
-0.01820158
-0.01820074
-0.01820134
3
0.00000000
1.63333300
2.03333400
0.22837980
0.22838020
0.22837910
3
0.00000000
1.63333300
2.03333400
0.07609112
0.07609079
0.07609095
3
0.00000000
1.63333300
2.03333400
0.97042340
0.97042330
0.97042360
2
0.00000000
2.03333400
0.99999960
0.99999960
2
0.00000000
2.03333400
0.99999980
0.99999980
2
0.00000000
2.03333400
0.99999980
0.99999980
Character1_LeftHandMiddle4
1
0.00000000
-0.02201366
1
0.00000000
0.00091102
1
0.00000000
0.00011726
2
0.00000000
2.03333400
-0.70595040
-0.70595040
2
0.00000000
2.03333400
0.03399268
0.03399268
2
0.00000000
2.03333400
0.00647478
0.00647478
2
0.00000000
2.03333400
0.70741550
0.70741550
2
0.00000000
2.03333400
1.00000000
1.00000000
2
0.00000000
2.03333400
0.99999970
0.99999970
2
0.00000000
2.03333400
0.99999960
0.99999960
Character1_LeftHandRing1
1
0.00000000
-0.07679258
1
0.00000000
-0.01262621
1
0.00000000
-0.00624610
3
0.00000000
1.63333300
2.03333400
-0.17224000
-0.17224060
-0.17223940
3
0.00000000
1.63333300
2.03333400
0.10734440
0.10734260
0.10734390
3
0.00000000
1.63333300
2.03333400
0.06688184
0.06688131
0.06688181
3
0.00000000
1.63333300
2.03333400
0.97690190
0.97690210
0.97690210
2
0.00000000
2.03333400
0.99999960
0.99999960
2
0.00000000
2.03333400
1.00000000
1.00000000
2
0.00000000
2.03333400
0.99999970
0.99999970
Character1_LeftHandRing2
1
0.00000000
-0.02368266
1
0.00000000
-0.00075405
1
0.00000000
0.00109833
3
0.00000000
1.63333300
2.03333400
0.05300687
0.05300781
0.05300713
3
0.00000000
1.63333300
2.03333400
0.28214420
0.28214560
0.28214510
3
0.00000000
1.63333300
2.03333400
0.10002230
0.10002270
0.10002330
3
0.00000000
1.63333300
2.03333400
0.95267020
0.95266970
0.95266990
2
0.00000000
2.03333400
0.99999930
0.99999930
2
0.00000000
2.03333400
0.99999950
0.99999950
2
0.00000000
2.03333400
0.99999960
0.99999960
Character1_LeftHandRing3
1
0.00000000
-0.01590740
1
0.00000000
0.00016659
1
0.00000000
-0.00086092
3
0.00000000
1.63333300
2.03333400
-0.06283709
-0.06283730
-0.06283738
3
0.00000000
1.63333300
2.03333400
0.17567330
0.17567460
0.17567320
3
0.00000000
1.63333300
2.03333400
0.08984037
0.08984068
0.08983996
3
0.00000000
1.63333300
2.03333400
0.97832470
0.97832440
0.97832470
2
0.00000000
2.03333400
0.99999970
0.99999970
2
0.00000000
2.03333400
0.99999960
0.99999960
2
0.00000000
2.03333400
0.99999960
0.99999960
Character1_LeftHandRing4
1
0.00000000
-0.02522655
1
0.00000000
-0.00011562
1
0.00000000
-0.00238417
2
0.00000000
2.03333400
0.00333163
0.00333163
2
0.00000000
2.03333400
-0.01695370
-0.01695370
2
0.00000000
2.03333400
-0.00262045
-0.00262045
2
0.00000000
2.03333400
0.99984730
0.99984730
2
0.00000000
2.03333400
1.00000000
1.00000000
2
0.00000000
2.03333400
1.00000000
1.00000000
2
0.00000000
2.03333400
1.00000000
1.00000000
Character1_LeftHandPinky1
1
0.00000000
-0.06575284
1
0.00000000
-0.02783560
1
0.00000000
-0.00228359
3
0.00000000
1.63333300
2.03333400
-0.15853780
-0.15853840
-0.15853710
3
0.00000000
1.63333300
2.03333400
0.13609140
0.13609080
0.13609120
3
0.00000000
1.63333300
2.03333400
0.02809543
0.02809503
0.02809594
3
0.00000000
1.63333300
2.03333400
0.97752520
0.97752520
0.97752540
2
0.00000000
2.03333400
0.99999950
0.99999950
2
0.00000000
2.03333400
0.99999990
0.99999990
2
0.00000000
2.03333400
0.99999950
0.99999950
Character1_LeftHandPinky2
1
0.00000000
-0.01809678
1
0.00000000
0.00013280
1
0.00000000
-0.00001445
3
0.00000000
1.63333300
2.03333400
0.01681665
0.01681767
0.01681658
3
0.00000000
1.63333300
2.03333400
0.07453096
0.07453063
0.07453129
3
0.00000000
1.63333300
2.03333400
0.07136610
0.07136630
0.07136636
3
0.00000000
1.63333300
2.03333400
0.99451960
0.99451960
0.99451950
2
0.00000000
2.03333400
1.00000000
1.00000000
2
0.00000000
2.03333400
1.00000000
1.00000000
2
0.00000000
2.03333400
1.00000000
1.00000000
Character1_LeftHandPinky3
1
0.00000000
-0.01391071
1
0.00000000
0.00000276
1
0.00000000
0.00024778
3
0.00000000
1.63333300
2.03333400
-0.01648924
-0.01648832
-0.01648917
3
0.00000000
1.63333300
2.03333400
0.28629850
0.28629920
0.28629720
3
0.00000000
1.63333300
2.03333400
0.15368540
0.15368530
0.15368490
3
0.00000000
1.63333300
2.03333400
0.94559090
0.94559070
0.94559130
2
0.00000000
2.03333400
1.00000000
1.00000000
2
0.00000000
2.03333400
1.00000000
1.00000000
2
0.00000000
2.03333400
1.00000000
1.00000000
Character1_LeftHandPinky4
1
0.00000000
-0.01920933
1
0.00000000
-0.00029924
1
0.00000000
-0.00002338
2
0.00000000
2.03333400
-0.04783580
-0.04783580
2
0.00000000
2.03333400
-0.00384246
-0.00384246
2
0.00000000
2.03333400
0.00305436
0.00305436
2
0.00000000
2.03333400
0.99884320
0.99884320
2
0.00000000
2.03333400
1.00000000
1.00000000
2
0.00000000
2.03333400
1.00000000
1.00000000
2
0.00000000
2.03333400
0.99999990
0.99999990
J_L_Sode_D00
2
0.00000000
2.03333300
-0.04395507
-0.04395507
2
0.00000000
2.03333300
0.00271871
0.00271871
2
0.00000000
2.03333300
0.03898804
0.03898804
4
0.00000000
0.63333330
1.46666700
2.03333400
0.61472650
0.61320050
0.61151300
0.61485090
4
0.00000000
0.63333330
1.46666700
2.03333400
0.11112280
0.11929750
0.12766600
0.11047710
4
0.00000000
0.63333330
1.46666700
2.03333400
-0.01462573
-0.02501752
-0.03568056
-0.01380416
4
0.00000000
0.63333330
1.46666700
2.03333400
0.78072010
0.78046610
0.78005140
0.78074490
2
0.00000000
2.03333400
1.00000100
1.00000100
2
0.00000000
2.03333400
1.00000100
1.00000100
2
0.00000000
2.03333400
1.00000000
1.00000000
J_L_Sode_A00
2
0.00000000
2.03333300
-0.04704522
-0.04704522
2
0.00000000
2.03333300
0.03601032
0.03601032
2
0.00000000
2.03333300
0.00102944
0.00102944
4
0.00000000
0.63333330
1.46666700
2.03333400
-0.06438363
-0.06321327
-0.06199932
-0.06447656
4
0.00000000
0.63333330
1.46666700
2.03333400
-0.08755099
-0.08840140
-0.08925699
-0.08748427
4
0.00000000
0.63333330
1.46666700
2.03333400
-0.08404160
-0.09722076
-0.11073100
-0.08300005
4
0.00000000
0.63333330
1.46666700
2.03333400
0.99050560
0.98931160
0.98789070
0.99060600
2
0.00000000
2.03333400
1.00000100
1.00000100
2
0.00000000
2.03333400
1.00000100
1.00000100
2
0.00000000
2.03333400
1.00000000
1.00000000
J_L_Sode_B00
2
0.00000000
2.03333300
-0.04425104
-0.04425104
2
0.00000000
2.03333300
0.00025279
0.00025279
2
0.00000000
2.03333300
-0.03773062
-0.03773062
4
0.00000000
0.63333330
1.46666700
2.03333400
-0.70604620
-0.70550020
-0.70480060
-0.70609360
4
0.00000000
0.63333330
1.46666700
2.03333400
-0.03698222
-0.04637825
-0.05601488
-0.03623951
4
0.00000000
0.63333330
1.46666700
2.03333400
-0.03622139
-0.04562023
-0.05525988
-0.03547845
4
0.00000000
0.63333330
1.46666700
2.03333400
0.70625340
0.70571760
0.70502830
0.70630010
2
0.00000000
2.03333400
1.00000100
1.00000100
2
0.00000000
2.03333400
1.00000100
1.00000100
2
0.00000000
2.03333400
1.00000000
1.00000000
J_L_Sode_C00
2
0.00000000
2.03333300
-0.04138999
-0.04138999
2
0.00000000
2.03333300
-0.04891023
-0.04891023
2
0.00000000
2.03333300
0.01278888
0.01278888
4
0.00000000
0.63333330
1.46666700
2.03333400
0.99034710
0.98845290
0.98631320
0.99050300
4
0.00000000
0.63333330
1.46666700
2.03333400
0.13664800
0.14982100
0.16331460
0.13560720
4
0.00000000
0.63333330
1.46666700
2.03333400
-0.02246405
-0.02242011
-0.02237089
-0.02246765
4
0.00000000
0.63333330
1.46666700
2.03333400
-0.00315936
-0.00345877
-0.00376447
-0.00313580
2
0.00000000
2.03333400
1.00000100
1.00000100
2
0.00000000
2.03333400
1.00000000
1.00000000
2
0.00000000
2.03333400
1.00000100
1.00000100
Character1_RightShoulder
1
0.00000000
-0.12245480
1
0.00000000
-0.00014977
1
0.00000000
-0.04199364
7
0.00000000
0.43333340
0.60000000
0.73333330
1.06666700
1.40000000
2.03333400
-0.10604680
-0.10903580
-0.09672655
-0.06978303
-0.07198986
-0.10669220
-0.10605560
7
0.00000000
0.43333340
0.60000000
0.73333330
1.06666700
1.40000000
2.03333400
-0.69711370
-0.70082940
-0.68497130
-0.64437620
-0.64805870
-0.69792260
-0.69712240
7
0.00000000
0.43333340
0.60000000
0.73333330
1.06666700
1.40000000
2.03333400
-0.11624350
-0.11251300
-0.12827530
-0.16702010
-0.16359240
-0.11543140
-0.11623290
7
0.00000000
0.43333340
0.60000000
0.73333330
1.06666700
1.40000000
2.03333400
0.69948260
0.69590960
0.71063610
0.74297640
0.74032090
0.69871060
0.69947300
2
0.00000000
2.03333400
1.00000000
1.00000000
2
0.00000000
2.03333400
1.00000000
1.00000000
2
0.00000000
2.03333400
1.00000000
1.00000000
Character1_RightArm
1
0.00000000
-0.05543732
1
0.00000000
-0.00000005
1
0.00000000
-0.00000100
20
0.00000000
0.13333330
0.26666670
0.40000000
0.50000000
0.53333340
0.56666670
0.60000000
0.63333330
0.66666670
0.70000000
0.73333330
0.76666670
1.03333300
1.20000000
1.36666700
1.56666700
1.80000000
2.00000000
2.03333400
-0.06993663
0.03440558
0.08142996
0.05944849
0.04612342
0.07535858
0.12085760
0.21038800
0.31968700
0.40449930
0.45032660
0.47007940
0.47765200
0.46759980
0.36027140
0.24756230
0.21879280
0.09501889
-0.06689235
-0.09281627
20
0.00000000
0.13333330
0.26666670
0.40000000
0.50000000
0.53333340
0.56666670
0.60000000
0.63333330
0.66666670
0.70000000
0.73333330
0.76666670
1.03333300
1.20000000
1.36666700
1.56666700
1.80000000
2.00000000
2.03333400
-0.54170320
-0.44562840
-0.34989190
-0.34864460
-0.37006270
-0.34612340
-0.29609560
-0.18314110
-0.01378876
0.16274370
0.28348380
0.34567630
0.37010590
0.32686130
0.31568030
0.29201190
0.07262825
-0.26644390
-0.51025600
-0.54842900
20
0.00000000
0.13333330
0.26666670
0.40000000
0.50000000
0.53333340
0.56666670
0.60000000
0.63333330
0.66666670
0.70000000
0.73333330
0.76666670
1.03333300
1.20000000
1.36666700
1.56666700
1.80000000
2.00000000
2.03333400
0.09030429
-0.13021190
-0.32528840
-0.38726360
-0.36359530
-0.36065020
-0.36376290
-0.37636820
-0.40758050
-0.44002650
-0.46743880
-0.47787050
-0.48063650
-0.47347670
-0.46522850
-0.36298880
-0.15390100
0.08897686
0.14934890
0.13874650
20
0.00000000
0.13333330
0.26666670
0.40000000
0.50000000
0.53333340
0.56666670
0.60000000
0.63333330
0.66666670
0.70000000
0.73333330
0.76666670
1.03333300
1.20000000
1.36666700
1.56666700
1.80000000
2.00000000
2.03333400
0.83277340
0.88502910
0.87471840
0.85143390
0.85365370
0.86281590
0.87487000
0.88348360
0.85527090
0.78502960
0.70593470
0.65663760
0.63549880
0.67106780
0.74438760
0.84951810
0.96081700
0.95501950
0.84430990
0.81936580
2
0.00000000
2.03333400
1.00000000
1.00000000
2
0.00000000
2.03333400
0.99999990
0.99999990
2
0.00000000
2.03333400
0.99999990
0.99999990
Character1_RightForeArm
1
0.00000000
-0.23377880
1
0.00000000
0.00001742
1
0.00000000
-0.00001277
27
0.00000000
0.10000000
0.23333330
0.26666670
0.30000000
0.33333330
0.36666670
0.40000000
0.46666670
0.50000000
0.53333340
0.56666670
0.60000000
0.63333330
0.66666670
0.70000000
0.73333330
0.76666670
0.93333330
1.06666700
1.16666700
1.26666700
1.36666700
1.50000000
1.76666700
2.00000000
2.03333400
0.19638320
0.20434940
0.10526580
0.07334333
0.04600137
0.09032866
0.01138643
-0.00240071
0.00182836
0.02024967
0.10174740
0.05498479
0.10203370
0.10531330
0.07186436
0.01840303
-0.01330079
-0.02985852
-0.05652111
0.01559692
0.13846080
0.20950310
0.21690940
0.25393150
0.31059880
0.20655510
0.18469830
27
0.00000000
0.10000000
0.23333330
0.26666670
0.30000000
0.33333330
0.36666670
0.40000000
0.46666670
0.50000000
0.53333340
0.56666670
0.60000000
0.63333330
0.66666670
0.70000000
0.73333330
0.76666670
0.93333330
1.06666700
1.16666700
1.26666700
1.36666700
1.50000000
1.76666700
2.00000000
2.03333400
0.04761192
0.21045870
0.39624400
0.42639140
0.44736730
0.40877460
0.47732610
0.48725250
0.49071370
0.48037460
0.39843770
0.42593850
0.34394000
0.22172770
0.12538780
0.06260979
0.03944741
0.03165481
0.01418153
0.06200949
0.21158360
0.42282210
0.54057430
0.51650190
0.27430790
0.03775590
0.01060604
27
0.00000000
0.10000000
0.23333330
0.26666670
0.30000000
0.33333330
0.36666670
0.40000000
0.46666670
0.50000000
0.53333340
0.56666670
0.60000000
0.63333330
0.66666670
0.70000000
0.73333330
0.76666670
0.93333330
1.06666700
1.16666700
1.26666700
1.36666700
1.50000000
1.76666700
2.00000000
2.03333400
-0.22138910
-0.46333820
-0.66753630
-0.69518630
-0.71356860
-0.74885290
-0.73320270
-0.73790350
-0.73608740
-0.72943560
-0.75447740
-0.70269600
-0.63010550
-0.51378800
-0.34905560
-0.21314550
-0.13324260
-0.09800408
-0.08053029
-0.17884730
-0.30559820
-0.37374820
-0.36527270
-0.34850390
-0.25422380
-0.14371200
-0.14047980
27
0.00000000
0.10000000
0.23333330
0.26666670
0.30000000
0.33333330
0.36666670
0.40000000
0.46666670
0.50000000
0.53333340
0.56666670
0.60000000
0.63333330
0.66666670
0.70000000
0.73333330
0.76666670
0.93333330
1.06666700
1.16666700
1.26666700
1.36666700
1.50000000
1.76666700
2.00000000
2.03333400
0.95401970
0.83622140
0.62153430
0.57404460
0.53718360
0.51377360
0.48419420
0.46698800
0.46623180
0.48657360
0.51152580
0.56724900
0.68866640
0.82205100
0.92589070
0.97483860
0.99020880
0.99423420
0.99504730
0.98179700
0.91797100
0.79852510
0.72615820
0.73979030
0.87387290
0.96708660
0.97264560
2
0.00000000
2.03333400
1.00000000
1.00000000
2
0.00000000
2.03333400
0.99999980
0.99999980
2
0.00000000
2.03333400
0.99999970
0.99999970
Character1_RightHand
1
0.00000000
-0.16248010
1
0.00000000
-0.00000066
1
0.00000000
0.00000173
24
0.00000000
0.26666670
0.30000000
0.33333330
0.36666670
0.40000000
0.46666670
0.50000000
0.53333340
0.56666670
0.60000000
0.63333330
0.66666670
0.70000000
0.73333330
0.76666670
1.00000000
1.06666700
1.10000000
1.30000000
1.33333300
1.36666700
1.43333300
2.03333400
-0.18673230
-0.41262990
-0.43784910
-0.51523310
-0.43782940
-0.43780240
-0.43779900
-0.43782830
-0.50801570
-0.40481600
-0.27846120
-0.16730420
-0.05384612
0.08079078
0.11717970
0.11717900
0.11717920
0.10241350
0.04780670
-0.22857090
-0.27341340
-0.32557930
-0.32647300
-0.16168870
24
0.00000000
0.26666670
0.30000000
0.33333330
0.36666670
0.40000000
0.46666670
0.50000000
0.53333340
0.56666670
0.60000000
0.63333330
0.66666670
0.70000000
0.73333330
0.76666670
1.00000000
1.06666700
1.10000000
1.30000000
1.33333300
1.36666700
1.43333300
2.03333400
-0.05276161
0.06162509
0.07506663
0.08044929
0.07507238
0.07507853
0.07508197
0.07507453
0.08002567
0.07342978
0.06792731
0.06175009
0.05479339
0.04572107
0.04329105
0.04330530
0.04330704
0.04421209
0.04762985
0.06278814
0.06482985
0.06703889
0.05762347
-0.06404306
24
0.00000000
0.26666670
0.30000000
0.33333330
0.36666670
0.40000000
0.46666670
0.50000000
0.53333340
0.56666670
0.60000000
0.63333330
0.66666670
0.70000000
0.73333330
0.76666670
1.00000000
1.06666700
1.10000000
1.30000000
1.33333300
1.36666700
1.43333300
2.03333400
0.04730776
0.06253143
0.06408668
0.05716771
0.06404610
0.06402951
0.06403747
0.06406064
0.05689687
0.05893612
0.03952751
0.02242251
0.00501864
-0.01569907
-0.02110459
-0.02110567
-0.02110494
-0.01810424
-0.00693942
0.04920581
0.05828872
0.06883928
0.06981062
0.04570005
24
0.00000000
0.26666670
0.30000000
0.33333330
0.36666670
0.40000000
0.46666670
0.50000000
0.53333340
0.56666670
0.60000000
0.63333330
0.66666670
0.70000000
0.73333330
0.76666670
1.00000000
1.06666700
1.10000000
1.30000000
1.33333300
1.36666700
1.43333300
2.03333400
0.97985170
0.90665800
0.89361410
0.85134870
0.89362610
0.89364000
0.89364090
0.89362540
0.85573290
0.90953760
0.95722660
0.98371410
0.99703220
0.99555810
0.99194220
0.99194170
0.99194160
0.99359400
0.99769620
0.97025350
0.95793770
0.94061950
0.94086210
0.98370060
2
0.00000000
2.03333400
1.00000000
1.00000000
2
0.00000000
2.03333400
0.99999980
0.99999980
2
0.00000000
2.03333400
0.99999990
0.99999990
Character1_RightHandThumb1
1
0.00000000
-0.02633883
1
0.00000000
0.02086117
1
0.00000000
-0.00452684
3
0.00000000
1.63333300
2.03333400
0.46670390
0.46670230
0.46670410
3
0.00000000
1.63333300
2.03333400
-0.11148310
-0.11148510
-0.11148330
3
0.00000000
1.63333300
2.03333400
-0.22818550
-0.22818440
-0.22818580
3
0.00000000
1.63333300
2.03333400
0.84716610
0.84716700
0.84716580
2
0.00000000
2.03333400
1.00000000
1.00000000
2
0.00000000
2.03333400
1.00000000
1.00000000
2
0.00000000
2.03333400
1.00000000
1.00000000
Character1_RightHandThumb2
1
0.00000000
-0.03202948
1
0.00000000
0.00112795
1
0.00000000
0.00060241
3
0.00000000
1.63333300
2.03333400
0.03668453
0.03668506
0.03668518
3
0.00000000
1.63333300
2.03333400
0.17384320
0.17384340
0.17384370
3
0.00000000
1.63333300
2.03333400
0.07676837
0.07676823
0.07676731
3
0.00000000
1.63333300
2.03333400
0.98109090
0.98109090
0.98109090
2
0.00000000
2.03333400
0.99999980
0.99999980
2
0.00000000
2.03333400
0.99999930
0.99999930
2
0.00000000
2.03333400
0.99999980
0.99999980
Character1_RightHandThumb3
1
0.00000000
-0.01758621
1
0.00000000
0.00051133
1
0.00000000
0.00015221
3
0.00000000
1.63333300
2.03333400
0.01054226
0.01054069
0.01054193
3
0.00000000
1.63333300
2.03333400
0.26187040
0.26187150
0.26186990
3
0.00000000
1.63333300
2.03333400
0.09421451
0.09421447
0.09421394
3
0.00000000
1.63333300
2.03333400
0.96043550
0.96043520
0.96043570
2
0.00000000
2.03333400
1.00000000
1.00000000
2
0.00000000
2.03333400
1.00000000
1.00000000
2
0.00000000
2.03333400
1.00000000
1.00000000
Character1_RightHandThumb4
1
0.00000000
-0.02628791
1
0.00000000
0.00158763
1
0.00000000
-0.00003033
2
0.00000000
2.03333400
0.09698050
0.09698050
2
0.00000000
2.03333400
-0.01651486
-0.01651486
2
0.00000000
2.03333400
-0.06892800
-0.06892800
2
0.00000000
2.03333400
0.99275930
0.99275930
2
0.00000000
2.03333400
1.00000000
1.00000000
2
0.00000000
2.03333400
0.99999960
0.99999960
2
0.00000000
2.03333400
0.99999990
0.99999990
Character1_RightHandIndex1
1
0.00000000
-0.07745903
1
0.00000000
0.02477353
1
0.00000000
0.02387737
3
0.00000000
1.63333300
2.03333400
0.99241190
0.99241200
0.99241190
3
0.00000000
1.63333300
2.03333400
0.07668075
0.07668075
0.07668135
3
0.00000000
1.63333300
2.03333400
0.04932120
0.04932107
0.04932047
3
0.00000000
1.63333300
2.03333400
-0.08249941
-0.08249807
-0.08249872
2
0.00000000
2.03333400
0.99999990
0.99999990
2
0.00000000
2.03333400
1.00000000
1.00000000
2
0.00000000
2.03333400
1.00000000
1.00000000
Character1_RightHandIndex2
1
0.00000000
-0.02423301
1
0.00000000
-0.00223004
1
0.00000000
-0.00200852
3
0.00000000
1.63333300
2.03333400
-0.01853876
-0.01853745
-0.01853848
3
0.00000000
1.63333300
2.03333400
0.27415740
0.27416040
0.27415830
3
0.00000000
1.63333300
2.03333400
-0.03294826
-0.03295174
-0.03294798
3
0.00000000
1.63333300
2.03333400
0.96094140
0.96094050
0.96094130
2
0.00000000
2.03333400
1.00000000
1.00000000
2
0.00000000
2.03333400
1.00000000
1.00000000
2
0.00000000
2.03333400
0.99999950
0.99999950
Character1_RightHandIndex3
1
0.00000000
-0.01588617
1
0.00000000
0.00000118
1
0.00000000
-0.00264198
3
0.00000000
1.63333300
2.03333400
-0.03703908
-0.03704029
-0.03704148
3
0.00000000
1.63333300
2.03333400
0.03168765
0.03168732
0.03168709
3
0.00000000
1.63333300
2.03333400
-0.00985416
-0.00985541
-0.00985153
3
0.00000000
1.63333300
2.03333400
0.99876270
0.99876270
0.99876270
2
0.00000000
2.03333400
0.99999990
0.99999990
2
0.00000000
2.03333400
1.00000000
1.00000000
2
0.00000000
2.03333400
1.00000000
1.00000000
Character1_RightHandIndex4
1
0.00000000
-0.02107472
1
0.00000000
-0.00070412
1
0.00000000
-0.00325402
2
0.00000000
2.03333400
0.06180407
0.06180407
2
0.00000000
2.03333400
-0.11389170
-0.11389170
2
0.00000000
2.03333400
-0.00078375
-0.00078375
2
0.00000000
2.03333400
0.99156860
0.99156860
2
0.00000000
2.03333400
0.99999960
0.99999960
2
0.00000000
2.03333400
0.99999980
0.99999980
2
0.00000000
2.03333400
0.99999990
0.99999990
Character1_RightHandMiddle1
1
0.00000000
-0.07734096
1
0.00000000
0.00436004
1
0.00000000
0.02411085
3
0.00000000
1.63333300
2.03333400
0.99717800
0.99717800
0.99717790
3
0.00000000
1.63333300
2.03333400
0.03318363
0.03318674
0.03318564
3
0.00000000
1.63333300
2.03333400
-0.02654239
-0.02654322
-0.02654363
3
0.00000000
1.63333300
2.03333400
-0.06189087
-0.06188891
-0.06188998
2
0.00000000
2.03333400
0.99999990
0.99999990
2
0.00000000
2.03333400
1.00000000
1.00000000
2
0.00000000
2.03333400
1.00000000
1.00000000
Character1_RightHandMiddle2
1
0.00000000
-0.02535491
1
0.00000000
-0.00067981
1
0.00000000
0.00116949
3
0.00000000
1.63333300
2.03333400
-0.02876837
-0.02876949
-0.02876887
3
0.00000000
1.63333300
2.03333400
0.35392630
0.35393110
0.35392730
3
0.00000000
1.63333300
2.03333400
-0.05358701
-0.05358786
-0.05358277
3
0.00000000
1.63333300
2.03333400
0.93329360
0.93329180
0.93329350
2
0.00000000
2.03333400
1.00000000
1.00000000
2
0.00000000
2.03333400
1.00000000
1.00000000
2
0.00000000
2.03333400
0.99999990
0.99999990
Character1_RightHandMiddle3
1
0.00000000
-0.01941583
1
0.00000000
-0.00041665
1
0.00000000
-0.00070466
3
0.00000000
1.63333300
2.03333400
-0.00584470
-0.00584669
-0.00584383
3
0.00000000
1.63333300
2.03333400
0.43805660
0.43805840
0.43805780
3
0.00000000
1.63333300
2.03333400
-0.05273731
-0.05273739
-0.05273765
3
0.00000000
1.63333300
2.03333400
0.89738010
0.89737920
0.89737950
2
0.00000000
2.03333400
1.00000000
1.00000000
2
0.00000000
2.03333400
0.99999990
0.99999990
2
0.00000000
2.03333400
0.99999990
0.99999990
Character1_RightHandMiddle4
1
0.00000000
-0.02143747
1
0.00000000
-0.00047113
1
0.00000000
-0.00506652
2
0.00000000
2.03333400
0.02437098
0.02437098
2
0.00000000
2.03333400
-0.06598202
-0.06598202
2
0.00000000
2.03333400
-0.00813170
-0.00813170
2
0.00000000
2.03333400
0.99749000
0.99749000
2
0.00000000
2.03333400
1.00000000
1.00000000
2
0.00000000
2.03333400
1.00000000
1.00000000
2
0.00000000
2.03333400
0.99999990
0.99999990
Character1_RightHandRing1
1
0.00000000
-0.07430402
1
0.00000000
-0.01371074
1
0.00000000
0.01965605
3
0.00000000
1.63333300
2.03333400
0.96595420
0.96595490
0.96595500
3
0.00000000
1.63333300
2.03333400
-0.02005435
-0.02005240
-0.02005501
3
0.00000000
1.63333300
2.03333400
0.16908870
0.16908960
0.16908790
3
0.00000000
1.63333300
2.03333400
-0.19478030
-0.19477620
-0.19477690
2
0.00000000
2.03333400
1.00000000
1.00000000
2
0.00000000
2.03333400
1.00000000
1.00000000
2
0.00000000
2.03333400
0.99999980
0.99999980
Character1_RightHandRing2
1
0.00000000
-0.02345802
1
0.00000000
-0.00000792
1
0.00000000
-0.00350789
3
0.00000000
1.63333300
2.03333400
-0.05710335
-0.05709831
-0.05709955
3
0.00000000
1.63333300
2.03333400
0.12255270
0.12255470
0.12255290
3
0.00000000
1.63333300
2.03333400
-0.11436440
-0.11436490
-0.11436440
3
0.00000000
1.63333300
2.03333400
0.98419550
0.98419550
0.98419570
2
0.00000000
2.03333400
0.99999990
0.99999990
2
0.00000000
2.03333400
1.00000000
1.00000000
2
0.00000000
2.03333400
1.00000000
1.00000000
Character1_RightHandRing3
1
0.00000000
-0.01589358
1
0.00000000
-0.00103255
1
0.00000000
0.00037811
3
0.00000000
1.63333300
2.03333400
-0.04201367
-0.04201640
-0.04201481
3
0.00000000
1.63333300
2.03333400
0.36974990
0.36975310
0.36975030
3
0.00000000
1.63333300
2.03333400
-0.12219310
-0.12219980
-0.12219300
3
0.00000000
1.63333300
2.03333400
0.92010250
0.92010030
0.92010240
2
0.00000000
2.03333400
0.99999990
0.99999990
2
0.00000000
2.03333400
0.99999990
0.99999990
2
0.00000000
2.03333400
1.00000000
1.00000000
Character1_RightHandRing4
1
0.00000000
-0.02512612
1
0.00000000
-0.00003484
1
0.00000000
-0.00327394
2
0.00000000
2.03333400
0.01259207
0.01259207
2
0.00000000
2.03333400
-0.04324944
-0.04324944
2
0.00000000
2.03333400
-0.00322445
-0.00322445
2
0.00000000
2.03333400
0.99897970
0.99897970
2
0.00000000
2.03333400
1.00000000
1.00000000
2
0.00000000
2.03333400
0.99999990
0.99999990
2
0.00000000
2.03333400
0.99999980
0.99999980
Character1_RightHandPinky1
1
0.00000000
-0.06501900
1
0.00000000
-0.02772160
1
0.00000000
0.01036632
3
0.00000000
1.63333300
2.03333400
0.92177970
0.92178070
0.92177960
3
0.00000000
1.63333300
2.03333400
-0.00122132
-0.00122023
-0.00122179
3
0.00000000
1.63333300
2.03333400
0.10058930
0.10059010
0.10058860
3
0.00000000
1.63333300
2.03333400
-0.37443620
-0.37443370
-0.37443690
2
0.00000000
2.03333400
1.00000000
1.00000000
2
0.00000000
2.03333400
1.00000000
1.00000000
2
0.00000000
2.03333400
0.99999990
0.99999990
Character1_RightHandPinky2
1
0.00000000
-0.01809764
1
0.00000000
-0.00014428
1
0.00000000
-0.00005280
3
0.00000000
1.63333300
2.03333400
0.02639651
0.02639660
0.02639337
3
0.00000000
1.63333300
2.03333400
0.07189594
0.07189677
0.07189462
3
0.00000000
1.63333300
2.03333400
-0.08208654
-0.08208703
-0.08208612
3
0.00000000
1.63333300
2.03333400
0.99367800
0.99367790
0.99367820
2
0.00000000
2.03333400
1.00000000
1.00000000
2
0.00000000
2.03333400
1.00000000
1.00000000
2
0.00000000
2.03333400
1.00000000
1.00000000
Character1_RightHandPinky3
1
0.00000000
-0.01388555
1
0.00000000
0.00026696
1
0.00000000
0.00082812
3
0.00000000
1.63333300
2.03333400
0.02450479
0.02450995
0.02450719
3
0.00000000
1.63333300
2.03333400
0.31070440
0.31070870
0.31070630
3
0.00000000
1.63333300
2.03333400
-0.22230150
-0.22230380
-0.22230160
3
0.00000000
1.63333300
2.03333400
0.92382050
0.92381830
0.92381980
2
0.00000000
2.03333400
1.00000000
1.00000000
2
0.00000000
2.03333400
1.00000000
1.00000000
2
0.00000000
2.03333400
1.00000000
1.00000000
Character1_RightHandPinky4
1
0.00000000
-0.01920296
1
0.00000000
0.00051865
1
0.00000000
-0.00024998
2
0.00000000
2.03333400
-0.01420847
-0.01420847
2
0.00000000
2.03333400
-0.00825185
-0.00825185
2
0.00000000
2.03333400
-0.01770875
-0.01770875
2
0.00000000
2.03333400
0.99970820
0.99970820
2
0.00000000
2.03333400
0.99999970
0.99999970
2
0.00000000
2.03333400
0.99999960
0.99999960
2
0.00000000
2.03333400
0.99999960
0.99999960
J_R_Sode_A00
2
0.00000000
2.03333300
-0.04704347
-0.04704347
2
0.00000000
2.03333300
0.03601107
0.03601107
2
0.00000000
2.03333300
-0.00102966
-0.00102966
4
0.00000000
0.63333330
1.46666700
2.03333400
0.00677496
0.00673228
0.00669205
0.00677821
4
0.00000000
0.63333330
1.46666700
2.03333400
0.00294795
0.00300138
0.00311785
0.00294154
4
0.00000000
0.63333330
1.46666700
2.03333400
-0.09497306
-0.10821710
-0.12179180
-0.09392646
4
0.00000000
0.63333330
1.46666700
2.03333400
0.99543980
0.99410000
0.99252820
0.99555170
2
0.00000000
2.03333400
0.99999990
0.99999990
2
0.00000000
2.03333400
1.00000100
1.00000100
2
0.00000000
2.03333400
1.00000000
1.00000000
J_R_Sode_B00
2
0.00000000
2.03333300
-0.04424990
-0.04424990
2
0.00000000
2.03333300
0.00025344
0.00025344
2
0.00000000
2.03333300
0.03772974
0.03772974
4
0.00000000
0.63333330
1.46666700
2.03333400
0.70485220
0.70406320
0.70311430
0.70491890
4
0.00000000
0.63333330
1.46666700
2.03333400
0.05524795
0.06462669
0.07424197
0.05450672
4
0.00000000
0.63333330
1.46666700
2.03333400
-0.05450206
-0.06388388
-0.07350244
-0.05376058
4
0.00000000
0.63333330
1.46666700
2.03333400
0.70507820
0.70429910
0.70336030
0.70514410
2
0.00000000
2.03333400
0.99999990
0.99999990
2
0.00000000
2.03333400
1.00000100
1.00000100
2
0.00000000
2.03333400
1.00000000
1.00000000
J_R_Sode_D00
2
0.00000000
2.03333300
-0.04395394
-0.04395394
2
0.00000000
2.03333300
0.00270832
0.00270832
2
0.00000000
2.03333300
-0.03898220
-0.03898220
4
0.00000000
0.63333330
1.46666700
2.03333400
-0.70592940
-0.70473750
-0.70337530
-0.70602780
4
0.00000000
0.63333330
1.46666700
2.03333400
-0.08548578
-0.09487752
-0.10449860
-0.08474378
4
0.00000000
0.63333330
1.46666700
2.03333400
-0.03873907
-0.04808039
-0.05766214
-0.03800064
4
0.00000000
0.63333330
1.46666700
2.03333400
0.70201850
0.70144960
0.70072700
0.70206780
2
0.00000000
2.03333400
0.99999990
0.99999990
2
0.00000000
2.03333400
1.00000100
1.00000100
2
0.00000000
2.03333400
1.00000000
1.00000000
J_R_Sode_C00
2
0.00000000
2.03333300
-0.04138786
-0.04138786
2
0.00000000
2.03333300
-0.04891171
-0.04891171
2
0.00000000
2.03333300
-0.01278703
-0.01278703
4
0.00000000
0.63333330
1.46666700
2.03333400
0.99034600
0.98845140
0.98631160
0.99050170
4
0.00000000
0.63333330
1.46666700
2.03333400
0.13666030
0.14983330
0.16332690
0.13561950
4
0.00000000
0.63333330
1.46666700
2.03333400
0.02244465
0.02239949
0.02235102
0.02244826
4
0.00000000
0.63333330
1.46666700
2.03333400
0.00316223
0.00346029
0.00376642
0.00313860
2
0.00000000
2.03333400
0.99999990
0.99999990
2
0.00000000
2.03333400
1.00000100
1.00000100
2
0.00000000
2.03333400
1.00000100
1.00000100
Character1_Neck
1
0.00000000
-0.15685130
1
0.00000000
0.00829848
1
0.00000000
0.00028670
11
0.00000000
0.20000000
0.46666670
0.60000000
0.66666670
0.80000000
1.03333300
1.16666700
1.40000000
1.73333300
2.03333400
-0.01591457
0.00314823
0.01014324
0.00967014
0.00979514
0.00985937
0.00979943
0.00963861
0.01057335
0.00088641
-0.01658199
11
0.00000000
0.20000000
0.46666670
0.60000000
0.66666670
0.80000000
1.03333300
1.16666700
1.40000000
1.73333300
2.03333400
0.02934490
0.00890854
-0.00293838
-0.00125267
-0.00047237
0.00011754
-0.00043679
-0.00141338
-0.00375199
0.01200982
0.02988155
11
0.00000000
0.20000000
0.46666670
0.60000000
0.66666670
0.80000000
1.03333300
1.16666700
1.40000000
1.73333300
2.03333400
-0.19635790
-0.05601670
0.03576367
-0.05473544
-0.17941610
-0.27007760
-0.18499930
-0.02850425
0.03450554
-0.07549742
-0.20054630
11
0.00000000
0.20000000
0.46666670
0.60000000
0.66666670
0.80000000
1.03333300
1.16666700
1.40000000
1.73333300
2.03333400
0.97996390
0.99838510
0.99930450
0.99845330
0.98372440
0.96278800
0.98268970
0.99954620
0.99934150
0.99707330
0.97908800
2
0.00000000
2.03333400
1.00000000
1.00000000
2
0.00000000
2.03333400
1.00000000
1.00000000
2
0.00000000
2.03333400
0.99999980
0.99999980
Character1_Head
1
0.00000000
-0.07808319
1
0.00000000
-0.00553454
1
0.00000000
0.00000000
11
0.00000000
0.26666670
0.30000000
0.36666670
0.60000000
0.76666670
1.03333300
1.30000000
1.53333300
1.70000000
2.03333400
-0.00284352
0.00681599
0.00795326
0.00795332
0.00788837
0.00773185
0.00779227
0.00795271
0.00795269
0.00438184
-0.00373702
11
0.00000000
0.26666670
0.30000000
0.36666670
0.60000000
0.76666670
1.03333300
1.30000000
1.53333300
1.70000000
2.03333400
0.01937798
0.01351418
0.01278635
0.01278622
0.01253803
0.01195054
0.01217545
0.01278594
0.01278586
0.01503575
0.01989402
11
0.00000000
0.26666670
0.30000000
0.36666670
0.60000000
0.76666670
1.03333300
1.30000000
1.53333300
1.70000000
2.03333400
0.08788566
0.25354180
0.27283280
0.27283580
0.28558790
0.31514940
0.30392180
0.27283640
0.27283560
0.21221310
0.07237539
11
0.00000000
0.26666670
0.30000000
0.36666670
0.60000000
0.76666670
1.03333300
1.30000000
1.53333300
1.70000000
2.03333400
0.99593800
0.96720610
0.96194360
0.96194280
0.95823810
0.94893530
0.95258730
0.96194260
0.96194290
0.97709790
0.99717210
2
0.00000000
2.03333400
1.00000000
1.00000000
2
0.00000000
2.03333400
0.99999980
0.99999980
2
0.00000000
2.03333400
1.00000000
1.00000000
J_L_HairSide_00
2
0.00000000
2.03333300
-0.09528863
-0.09528863
2
0.00000000
2.03333300
0.08420379
0.08420379
2
0.00000000
2.03333300
0.08411823
0.08411823
10
0.00000000
0.26666670
0.46666670
0.63333330
0.80000000
1.03333300
1.20000000
1.40000000
1.86666700
2.03333400
0.15759130
0.19067890
0.25736640
0.41003280
0.51106920
0.40196430
0.27832660
0.22895530
0.16479250
0.15662380
10
0.00000000
0.26666670
0.46666670
0.63333330
0.80000000
1.03333300
1.20000000
1.40000000
1.86666700
2.03333400
0.97418630
0.95434110
0.92812210
0.89317700
0.85346070
0.87613450
0.88633070
0.91126890
0.96951940
0.97496590
10
0.00000000
0.26666670
0.46666670
0.63333330
0.80000000
1.03333300
1.20000000
1.40000000
1.86666700
2.03333400
-0.01686150
-0.00941247
-0.00550530
0.00411436
0.02983604
0.04785073
0.07695679
0.07160965
-0.00230762
-0.01723551
10
0.00000000
0.26666670
0.46666670
0.63333330
0.80000000
1.03333300
1.20000000
1.40000000
1.86666700
2.03333400
0.16082810
0.22975200
0.26892690
0.18463750
0.09758533
0.26176960
0.36198040
0.33472460
0.18130170
0.15688650
2
0.00000000
2.03333400
1.00000100
1.00000100
2
0.00000000
2.03333400
1.00000000
1.00000000
2
0.00000000
2.03333400
1.00000100
1.00000100
J_L_HairSide_01
2
0.00000000
2.03333300
-0.07190698
-0.07190698
2
0.00000000
2.03333300
0.00000000
0.00000000
2
0.00000000
2.03333300
0.00000000
0.00000000
7
0.00000000
0.20000000
0.56666670
0.83333340
1.10000000
1.50000000
2.03333400
0.00793576
0.00182465
0.00039313
0.00761223
-0.04187090
-0.03634162
0.00858134
7
0.00000000
0.20000000
0.56666670
0.83333340
1.10000000
1.50000000
2.03333400
0.04322454
-0.00409323
-0.04657160
0.05293348
0.06925672
0.06378774
0.04698507
7
0.00000000
0.20000000
0.56666670
0.83333340
1.10000000
1.50000000
2.03333400
-0.00244996
0.04400966
0.07993169
-0.00313521
0.13016960
0.11691200
-0.00603072
7
0.00000000
0.20000000
0.56666670
0.83333340
1.10000000
1.50000000
2.03333400
0.99906560
0.99902110
0.99571170
0.99856410
0.98818330
0.99042520
0.99884050
2
0.00000000
2.03333400
1.00000000
1.00000000
2
0.00000000
2.03333400
1.00000000
1.00000000
2
0.00000000
2.03333400
1.00000000
1.00000000
J_R_HairSide_00
2
0.00000000
2.03333300
-0.09799041
-0.09799041
2
0.00000000
2.03333300
0.07704446
0.07704446
2
0.00000000
2.03333300
-0.08779540
-0.08779540
8
0.00000000
0.40000000
0.56666670
0.76666670
1.06666700
1.23333300
1.83333300
2.03333400
0.16420290
0.22250890
0.30070050
0.42065520
0.35249980
0.29263410
0.17747290
0.16327840
8
0.00000000
0.40000000
0.56666670
0.76666670
1.06666700
1.23333300
1.83333300
2.03333400
0.97149530
0.94407950
0.92931580
0.90004130
0.90345520
0.90647130
0.96536680
0.97226760
8
0.00000000
0.40000000
0.56666670
0.76666670
1.06666700
1.23333300
1.83333300
2.03333400
-0.02579919
-0.03066743
-0.03625935
-0.06180750
-0.04654451
-0.04473148
-0.03080145
-0.02569567
8
0.00000000
0.40000000
0.56666670
0.76666670
1.06666700
1.23333300
1.83333300
2.03333400
-0.16869280
-0.24137800
-0.21127400
-0.09568019
-0.23947080
-0.30112140
-0.18873700
-0.16545610
2
0.00000000
2.03333400
1.00000100
1.00000100
2
0.00000000
2.03333400
1.00000000
1.00000000
2
0.00000000
2.03333400
1.00000100
1.00000100
J_R_HairSide_01
2
0.00000000
2.03333300
-0.07190759
-0.07190759
2
0.00000000
2.03333300
0.00000000
0.00000000
2
0.00000000
2.03333300
0.00000000
0.00000000
8
0.00000000
0.33333330
0.56666670
0.83333340
1.06666700
1.23333300
1.76666700
2.03333400
-0.00825703
-0.00363462
-0.00933132
-0.01961067
-0.00012626
0.00632393
-0.00053888
-0.00860734
8
0.00000000
0.33333330
0.56666670
0.83333340
1.06666700
1.23333300
1.76666700
2.03333400
-0.04364416
0.02240407
0.00645238
-0.10298950
0.03772174
0.09816571
-0.00885020
-0.04678012
8
0.00000000
0.33333330
0.56666670
0.83333340
1.06666700
1.23333300
1.76666700
2.03333400
-0.00381018
0.05214252
0.08517146
0.10141280
0.12888380
0.13324620
0.03303640
-0.00605495
8
0.00000000
0.33333330
0.56666670
0.83333340
1.06666700
1.23333300
1.76666700
2.03333400
0.99894590
0.99838170
0.99630180
0.98930480
0.99094200
0.98618910
0.99941480
0.99884980
2
0.00000000
2.03333400
1.00000000
1.00000000
2
0.00000000
2.03333400
1.00000000
1.00000000
2
0.00000000
2.03333400
1.00000000
1.00000000
J_L_HairFront_00
2
0.00000000
2.03333300
-0.11835310
-0.11835310
2
0.00000000
2.03333300
0.11062720
0.11062720
2
0.00000000
2.03333300
-0.00064683
-0.00064683
2
0.00000000
2.03333400
-0.04601016
-0.04601016
2
0.00000000
2.03333400
0.99770640
0.99770640
2
0.00000000
2.03333400
0.03890041
0.03890041
2
0.00000000
2.03333400
-0.03085173
-0.03085173
2
0.00000000
2.03333400
1.00000100
1.00000100
2
0.00000000
2.03333400
1.00000000
1.00000000
2
0.00000000
2.03333400
1.00000100
1.00000100
J_R_HairFront_00
2
0.00000000
2.03333300
-0.11864670
-0.11864670
2
0.00000000
2.03333300
0.10995260
0.10995260
2
0.00000000
2.03333300
-0.00727659
-0.00727659
2
0.00000000
2.03333400
-0.11370100
-0.11370100
2
0.00000000
2.03333400
0.97812750
0.97812750
2
0.00000000
2.03333400
-0.16029840
-0.16029840
2
0.00000000
2.03333400
-0.06814066
-0.06814066
2
0.00000000
2.03333400
1.00000000
1.00000000
2
0.00000000
2.03333400
1.00000100
1.00000100
2
0.00000000
2.03333400
1.00000100
1.00000100
J_L_HeadRibbon_00
2
0.00000000
2.03333300
-0.17970760
-0.17970760
2
0.00000000
2.03333300
0.08956378
0.08956378
2
0.00000000
2.03333300
0.04141203
0.04141203
8
0.00000000
0.36666670
0.56666670
0.76666670
1.03333300
1.23333300
1.80000000
2.03333400
0.08720378
0.06833680
0.07575342
0.10873320
0.07308592
0.04631774
0.07924815
0.08804575
8
0.00000000
0.36666670
0.56666670
0.76666670
1.03333300
1.23333300
1.80000000
2.03333400
0.23031960
0.23662770
0.23435870
0.22099700
0.23520420
0.24190330
0.23320010
0.23002290
8
0.00000000
0.36666670
0.56666670
0.76666670
1.03333300
1.23333300
1.80000000
2.03333400
0.29108890
0.21555560
0.24520060
0.37775600
0.23453170
0.12786970
0.25918940
0.29446310
8
0.00000000
0.36666670
0.56666670
0.76666670
1.03333300
1.23333300
1.80000000
2.03333400
0.92435670
0.94491970
0.93766420
0.89254570
0.94038950
0.96072200
0.93389420
0.92337910
2
0.00000000
2.03333400
1.00000000
1.00000000
2
0.00000000
2.03333400
1.00000100
1.00000100
2
0.00000000
2.03333400
1.00000000
1.00000000
J_L_HeadRibbon_01
2
0.00000000
2.03333300
-0.08505328
-0.08505328
2
0.00000000
2.03333300
0.00000000
0.00000000
2
0.00000000
2.03333300
0.00000000
0.00000000
8
0.00000000
0.43333340
0.60000000
0.83333340
1.06666700
1.23333300
1.93333400
2.03333400
0.55659510
0.56303270
0.55748450
0.54279220
0.56131390
0.56582350
0.55697520
0.55631430
8
0.00000000
0.43333340
0.60000000
0.83333340
1.06666700
1.23333300
1.93333400
2.03333400
0.41260750
0.36545290
0.40737780
0.47947810
0.38018990
0.33506690
0.41058080
0.41462450
8
0.00000000
0.43333340
0.60000000
0.83333340
1.06666700
1.23333300
1.93333400
2.03333400
0.11632980
0.07986326
0.11222750
0.16958960
0.09116304
0.05681364
0.11472830
0.11789140
8
0.00000000
0.43333340
0.60000000
0.83333340
1.06666700
1.23333300
1.93333400
2.03333400
0.71151950
0.73692620
0.71460430
0.66836870
0.72943240
0.75122980
0.71276890
0.71042420
2
0.00000000
2.03333400
1.00000000
1.00000000
2
0.00000000
2.03333400
1.00000000
1.00000000
2
0.00000000
2.03333400
1.00000000
1.00000000
J_R_HeadRibbon_00
2
0.00000000
2.03333300
-0.18103220
-0.18103220
2
0.00000000
2.03333300
0.08604571
0.08604571
2
0.00000000
2.03333300
-0.04305515
-0.04305515
8
0.00000000
0.36666670
0.56666670
0.76666670
1.03333300
1.23333300
1.80000000
2.03333400
-0.12099350
-0.10418770
-0.11082920
-0.13981610
-0.10844550
-0.08422602
-0.11394380
-0.12174090
8
0.00000000
0.36666670
0.56666670
0.76666670
1.03333300
1.23333300
1.80000000
2.03333400
-0.20345430
-0.21257490
-0.20918910
-0.19103580
-0.21043470
-0.22124460
-0.20750900
-0.20303290
8
0.00000000
0.36666670
0.56666670
0.76666670
1.03333300
1.23333300
1.80000000
2.03333400
0.30173890
0.22624590
0.25588390
0.38827130
0.24521870
0.13851980
0.26986560
0.30511060
8
0.00000000
0.36666670
0.56666670
0.76666670
1.03333300
1.23333300
1.80000000
2.03333400
0.92343940
0.94486490
0.93727280
0.89061900
0.94011940
0.96164910
0.93334310
0.92242310
2
0.00000000
2.03333400
1.00000000
1.00000000
2
0.00000000
2.03333400
1.00000100
1.00000100
2
0.00000000
2.03333400
1.00000000
1.00000000
J_R_HeadRibbon_01
2
0.00000000
2.03333300
-0.08505593
-0.08505593
2
0.00000000
2.03333300
0.00000000
0.00000000
2
0.00000000
2.03333300
0.00000000
0.00000000
8
0.00000000
0.33333330
0.56666670
0.83333340
1.06666700
1.23333300
1.83333300
2.03333400
-0.55670690
-0.56398330
-0.56233550
-0.54599020
-0.56423810
-0.56774740
-0.55912330
-0.55631260
8
0.00000000
0.33333330
0.56666670
0.83333340
1.06666700
1.23333300
1.83333300
2.03333400
-0.41194550
-0.35618850
-0.37163110
-0.46634380
-0.35355500
-0.30223100
-0.39643960
-0.41459090
8
0.00000000
0.33333330
0.56666670
0.83333340
1.06666700
1.23333300
1.83333300
2.03333400
0.11582190
0.07281482
0.08460458
0.15897750
0.07081293
0.03227991
0.10373180
0.11787860
8
0.00000000
0.33333330
0.56666670
0.83333340
1.06666700
1.23333300
1.83333300
2.03333400
0.71192310
0.74145170
0.73383330
0.67760190
0.74271110
0.76503420
0.72073330
0.71044730
2
0.00000000
2.03333400
1.00000000
1.00000000
2
0.00000000
2.03333400
1.00000000
1.00000000
2
0.00000000
2.03333400
1.00000000
1.00000000
J_L_HairTail_00
2
0.00000000
2.03333300
-0.03154395
-0.03154395
2
0.00000000
2.03333300
-0.06754832
-0.06754832
2
0.00000000
2.03333300
0.06546028
0.06546028
9
0.00000000
0.23333330
0.53333340
0.83333340
1.00000000
1.16666700
1.36666700
1.70000000
2.03333400
-0.14194790
-0.10092260
-0.10717000
-0.09823724
-0.11589390
-0.10287670
-0.12485070
-0.15583280
-0.14381840
9
0.00000000
0.23333330
0.53333340
0.83333340
1.00000000
1.16666700
1.36666700
1.70000000
2.03333400
0.02591305
0.00615743
-0.00131242
0.01905377
0.12359220
0.19936500
0.18315690
0.09035580
0.02666173
9
0.00000000
0.23333330
0.53333340
0.83333340
1.00000000
1.16666700
1.36666700
1.70000000
2.03333400
0.97213920
0.95020630
0.93625280
0.94987210
0.86510910
0.77709170
0.81494420
0.92821340
0.97252480
9
0.00000000
0.23333330
0.53333340
0.83333340
1.00000000
1.16666700
1.36666700
1.70000000
2.03333400
0.18472900
0.29476190
0.33457960
0.29619150
0.47210150
0.58804630
0.53547340
0.32553330
0.18111020
2
0.00000000
2.03333400
1.00000100
1.00000100
2
0.00000000
2.03333400
1.00000100
1.00000100
2
0.00000000
2.03333400
1.00000000
1.00000000
J_L_HairTail_01
2
0.00000000
2.03333300
-0.11597680
-0.11597680
2
0.00000000
2.03333300
0.00000000
0.00000000
2
0.00000000
2.03333300
0.00000000
0.00000000
7
0.00000000
0.40000000
0.80000000
1.06666700
1.43333300
1.96666700
2.03333400
-0.00012380
-0.00012186
-0.00015840
-0.00023155
-0.00021569
-0.00012695
-0.00012412
7
0.00000000
0.40000000
0.80000000
1.06666700
1.43333300
1.96666700
2.03333400
0.00052543
0.00052588
0.00051605
0.00048763
0.00049485
0.00052468
0.00052535
7
0.00000000
0.40000000
0.80000000
1.06666700
1.43333300
1.96666700
2.03333400
0.00311634
0.00679890
-0.06326851
-0.20730230
-0.17561940
-0.00288289
0.00250285
7
0.00000000
0.40000000
0.80000000
1.06666700
1.43333300
1.96666700
2.03333400
0.99999410
0.99997680
0.99799640
0.97827680
0.98445800
0.99999570
0.99999670
2
0.00000000
2.03333400
1.00000000
1.00000000
2
0.00000000
2.03333400
1.00000000
1.00000000
2
0.00000000
2.03333400
1.00000000
1.00000000
J_L_HairTail_02
2
0.00000000
2.03333300
-0.13655790
-0.13655790
2
0.00000000
2.03333300
0.00000000
0.00000000
2
0.00000000
2.03333300
0.00000000
0.00000000
7
0.00000000
0.40000000
0.80000000
1.06666700
1.43333300
1.96666700
2.03333400
-0.00430526
-0.00423042
-0.00564437
-0.00848258
-0.00786631
-0.00442708
-0.00431773
7
0.00000000
0.40000000
0.80000000
1.06666700
1.43333300
1.96666700
2.03333400
0.02031676
0.02033250
0.01998620
0.01895660
0.01922051
0.02029059
0.02031414
7
0.00000000
0.40000000
0.80000000
1.06666700
1.43333300
1.96666700
2.03333400
0.02019123
0.02387216
-0.04620374
-0.19052230
-0.15874520
0.01419419
0.01957800
7
0.00000000
0.40000000
0.80000000
1.06666700
1.43333300
1.96666700
2.03333400
0.99957950
0.99949930
0.99871610
0.98146320
0.98710110
0.99968360
0.99959260
2
0.00000000
2.03333400
1.00000000
1.00000000
2
0.00000000
2.03333400
1.00000000
1.00000000
2
0.00000000
2.03333400
1.00000000
1.00000000
J_L_HairTail_03
2
0.00000000
2.03333300
-0.13229260
-0.13229260
2
0.00000000
2.03333300
0.00000000
0.00000000
2
0.00000000
2.03333300
0.00000000
0.00000000
7
0.00000000
0.43333340
0.96666660
1.30000000
1.63333300
1.90000000
2.03333400
0.00558113
0.00489490
0.00785652
0.01293933
0.01283398
0.00725935
0.00566188
7
0.00000000
0.43333340
0.96666660
1.30000000
1.63333300
1.90000000
2.03333400
-0.03381328
-0.03392023
-0.03335891
-0.03173508
-0.03177783
-0.03349393
-0.03380067
7
0.00000000
0.43333340
0.96666660
1.30000000
1.63333300
1.90000000
2.03333400
0.02577351
0.04601450
-0.04188822
-0.19637510
-0.19312300
-0.02404398
0.02339182
7
0.00000000
0.43333340
0.96666660
1.30000000
1.63333300
1.90000000
2.03333400
0.99905680
0.99835270
0.99853440
0.97992970
0.98057590
0.99912330
0.99913880
2
0.00000000
2.03333400
1.00000000
1.00000000
2
0.00000000
2.03333400
1.00000000
1.00000000
2
0.00000000
2.03333400
1.00000000
1.00000000
J_L_HairTail_04
2
0.00000000
2.03333300
-0.13752590
-0.13752590
2
0.00000000
2.03333300
0.00000000
0.00000000
2
0.00000000
2.03333300
0.00000000
0.00000000
7
0.00000000
0.43333340
0.96666660
1.23333300
1.56666700
1.86666700
2.03333400
0.00778866
0.00325924
0.00801631
0.02473458
0.03121200
0.01463827
0.00808615
7
0.00000000
0.43333340
0.96666660
1.23333300
1.56666700
1.86666700
2.03333400
-0.09735468
-0.09761655
-0.09734142
-0.09448712
-0.09254957
-0.09656776
-0.09733564
7
0.00000000
0.43333340
0.96666660
1.23333300
1.56666700
1.86666700
2.03333400
0.06095698
0.10702610
0.05864140
-0.11410680
-0.18222930
-0.00927110
0.05792863
7
0.00000000
0.43333340
0.96666660
1.23333300
1.56666700
1.86666700
2.03333400
0.99329710
0.98944720
0.99348960
0.98865570
0.97839300
0.99517560
0.99353140
2
0.00000000
2.03333400
1.00000000
1.00000000
2
0.00000000
2.03333400
1.00000000
1.00000000
2
0.00000000
2.03333400
1.00000000
1.00000000
J_L_HairTail_05
2
0.00000000
2.03333300
-0.14597840
-0.14597840
2
0.00000000
2.03333300
0.00000000
0.00000000
2
0.00000000
2.03333300
0.00000000
0.00000000
7
0.00000000
0.43333340
0.96666660
1.23333300
1.56666700
1.86666700
2.03333400
-0.00016337
-0.00079807
-0.00013147
0.00223545
0.00316317
0.00080147
-0.00012166
7
0.00000000
0.43333340
0.96666660
1.23333300
1.56666700
1.86666700
2.03333400
-0.01366981
-0.01364821
-0.01367089
-0.01348752
-0.01330056
-0.01364801
-0.01367098
7
0.00000000
0.43333340
0.96666660
1.23333300
1.56666700
1.86666700
2.03333400
0.03514779
0.08151914
0.03281705
-0.14055870
-0.20870930
-0.03543631
0.03210006
7
0.00000000
0.43333340
0.96666660
1.23333300
1.56666700
1.86666700
2.03333400
0.99923530
0.99657800
0.99936790
0.98997800
0.97788210
0.99927840
0.99939120
2
0.00000000
2.03333400
1.00000100
1.00000100
2
0.00000000
2.03333400
1.00000000
1.00000000
2
0.00000000
2.03333400
1.00000100
1.00000100
J_R_HairTail_00
2
0.00000000
2.03333300
-0.03349167
-0.03349167
2
0.00000000
2.03333300
-0.07271498
-0.07271498
2
0.00000000
2.03333300
-0.05859684
-0.05859684
9
0.00000000
0.23333330
0.53333340
0.83333340
1.00000000
1.16666700
1.36666700
1.70000000
2.03333400
0.05180263
0.09059078
0.08135454
0.10010460
0.08890233
0.05244273
0.06044308
0.07005706
0.05012121
9
0.00000000
0.23333330
0.53333340
0.83333340
1.00000000
1.16666700
1.36666700
1.70000000
2.03333400
0.03634894
0.03825130
0.04483797
0.02747635
-0.05364634
-0.10747560
-0.08687695
-0.00874973
0.03599907
9
0.00000000
0.23333330
0.53333340
0.83333340
1.00000000
1.16666700
1.36666700
1.70000000
2.03333400
0.98009450
0.94928360
0.93644740
0.94784930
0.86797890
0.78868440
0.82988350
0.94072710
0.98087740
9
0.00000000
0.23333330
0.53333340
0.83333340
1.00000000
1.16666700
1.36666700
1.70000000
2.03333400
0.18817560
0.29864840
0.33828570
0.30134010
0.48562430
0.60305540
0.54780700
0.33173490
0.18458470
2
0.00000000
2.03333400
1.00000100
1.00000100
2
0.00000000
2.03333400
1.00000100
1.00000100
2
0.00000000
2.03333400
1.00000000
1.00000000
J_R_HairTail_01
2
0.00000000
2.03333300
-0.11597510
-0.11597510
2
0.00000000
2.03333300
0.00000000
0.00000000
2
0.00000000
2.03333300
0.00000000
0.00000000
7
0.00000000
0.40000000
0.80000000
1.06666700
1.43333300
1.96666700
2.03333400
0.00012196
0.00012006
0.00015606
0.00022813
0.00021250
0.00012507
0.00012228
7
0.00000000
0.40000000
0.80000000
1.06666700
1.43333300
1.96666700
2.03333400
-0.00051769
-0.00051813
-0.00050845
-0.00048045
-0.00048756
-0.00051695
-0.00051761
7
0.00000000
0.40000000
0.80000000
1.06666700
1.43333300
1.96666700
2.03333400
0.00312126
0.00680382
-0.06326360
-0.20729750
-0.17561450
-0.00287797
0.00250777
7
0.00000000
0.40000000
0.80000000
1.06666700
1.43333300
1.96666700
2.03333400
0.99999410
0.99997680
0.99799670
0.97827780
0.98445890
0.99999570
0.99999670
2
0.00000000
2.03333400
1.00000000
1.00000000
2
0.00000000
2.03333400
1.00000000
1.00000000
2
0.00000000
2.03333400
1.00000000
1.00000000
J_R_HairTail_02
2
0.00000000
2.03333300
-0.13656150
-0.13656150
2
0.00000000
2.03333300
0.00000000
0.00000000
2
0.00000000
2.03333300
0.00000000
0.00000000
7
0.00000000
0.40000000
0.80000000
1.06666700
1.43333300
1.96666700
2.03333400
0.00430602
0.00423117
0.00564537
0.00848411
0.00786773
0.00442786
0.00431849
7
0.00000000
0.40000000
0.80000000
1.06666700
1.43333300
1.96666700
2.03333400
-0.02032053
-0.02033626
-0.01998990
-0.01896013
-0.01922408
-0.02029435
-0.02031790
7
0.00000000
0.40000000
0.80000000
1.06666700
1.43333300
1.96666700
2.03333400
0.02018618
0.02386711
-0.04620878
-0.19052720
-0.15875020
0.01418914
0.01957295
7
0.00000000
0.40000000
0.80000000
1.06666700
1.43333300
1.96666700
2.03333400
0.99957960
0.99949930
0.99871580
0.98146210
0.98710020
0.99968360
0.99959270
2
0.00000000
2.03333400
1.00000000
1.00000000
2
0.00000000
2.03333400
1.00000000
1.00000000
2
0.00000000
2.03333400
1.00000000
1.00000000
J_R_HairTail_03
2
0.00000000
2.03333300
-0.13228850
-0.13228850
2
0.00000000
2.03333300
0.00000000
0.00000000
2
0.00000000
2.03333300
0.00000000
0.00000000
7
0.00000000
0.43333340
0.96666660
1.30000000
1.63333300
1.90000000
2.03333400
-0.00558090
-0.00489471
-0.00785616
-0.01293870
-0.01283335
-0.00725903
-0.00566164
7
0.00000000
0.43333340
0.96666660
1.30000000
1.63333300
1.90000000
2.03333400
0.03381143
0.03391837
0.03335708
0.03173333
0.03177608
0.03349210
0.03379882
7
0.00000000
0.43333340
0.96666660
1.30000000
1.63333300
1.90000000
2.03333400
0.02577459
0.04601558
-0.04188714
-0.19637410
-0.19312190
-0.02404290
0.02339290
7
0.00000000
0.43333340
0.96666660
1.30000000
1.63333300
1.90000000
2.03333400
0.99905680
0.99835270
0.99853440
0.97993000
0.98057610
0.99912340
0.99913880
2
0.00000000
2.03333400
1.00000000
1.00000000
2
0.00000000
2.03333400
1.00000000
1.00000000
2
0.00000000
2.03333400
1.00000000
1.00000000
J_R_HairTail_04
2
0.00000000
2.03333300
-0.13752580
-0.13752580
2
0.00000000
2.03333300
0.00000000
0.00000000
2
0.00000000
2.03333300
0.00000000
0.00000000
7
0.00000000
0.43333340
0.96666660
1.23333300
1.56666700
1.86666700
2.03333400
-0.00778918
-0.00325952
-0.00801684
-0.02473596
-0.03121371
-0.01463914
-0.00808668
7
0.00000000
0.43333340
0.96666660
1.23333300
1.56666700
1.86666700
2.03333400
0.09735966
0.09762155
0.09734642
0.09449194
0.09255429
0.09657271
0.09734063
7
0.00000000
0.43333340
0.96666660
1.23333300
1.56666700
1.86666700
2.03333400
0.06095683
0.10702590
0.05864125
-0.11410690
-0.18222940
-0.00927122
0.05792847
7
0.00000000
0.43333340
0.96666660
1.23333300
1.56666700
1.86666700
2.03333400
0.99329660
0.98944680
0.99348910
0.98865520
0.97839250
0.99517510
0.99353090
2
0.00000000
2.03333400
1.00000000
1.00000000
2
0.00000000
2.03333400
1.00000000
1.00000000
2
0.00000000
2.03333400
1.00000000
1.00000000
J_R_HairTail_05
2
0.00000000
2.03333300
-0.14597890
-0.14597890
2
0.00000000
2.03333300
0.00000000
0.00000000
2
0.00000000
2.03333300
0.00000000
0.00000000
7
0.00000000
0.43333340
0.96666660
1.23333300
1.56666700
1.86666700
2.03333400
0.00016334
0.00079800
0.00013144
-0.00223534
-0.00316301
-0.00080144
0.00012163
7
0.00000000
0.43333340
0.96666660
1.23333300
1.56666700
1.86666700
2.03333400
0.01366905
0.01364744
0.01367012
0.01348676
0.01329981
0.01364724
0.01367021
7
0.00000000
0.43333340
0.96666660
1.23333300
1.56666700
1.86666700
2.03333400
0.03514785
0.08151919
0.03281710
-0.14055860
-0.20870930
-0.03543626
0.03210011
7
0.00000000
0.43333340
0.96666660
1.23333300
1.56666700
1.86666700
2.03333400
0.99923530
0.99657800
0.99936790
0.98997800
0.97788220
0.99927840
0.99939120
2
0.00000000
2.03333400
1.00000100
1.00000100
2
0.00000000
2.03333400
1.00000000
1.00000000
2
0.00000000
2.03333400
1.00000100
1.00000100
J_Mune_root_00
1
0.00000000
-0.08766683
1
0.00000000
-0.00030448
1
0.00000000
0.00000002
9
0.00000000
0.20000000
0.53333340
0.63333330
0.73333330
1.00000000
1.23333300
1.73333300
2.03333400
-0.48596870
-0.44678800
-0.42986420
-0.46738380
-0.50374510
-0.49606450
-0.44219950
-0.45507820
-0.49192600
9
0.00000000
0.20000000
0.53333340
0.63333330
0.73333330
1.00000000
1.23333300
1.73333300
2.03333400
0.51369770
0.54750940
0.56041570
0.52967820
0.49533440
0.50300340
0.55075960
0.54075010
0.50812290
9
0.00000000
0.20000000
0.53333340
0.63333330
0.73333330
1.00000000
1.23333300
1.73333300
2.03333400
0.47918890
0.44557020
0.43076690
0.46769600
0.50352880
0.49596000
0.44291650
0.45326350
0.48637280
9
0.00000000
0.20000000
0.53333340
0.63333330
0.73333330
1.00000000
1.23333300
1.73333300
2.03333400
0.51976500
0.54961910
0.56177480
0.53127570
0.49733630
0.50490740
0.55222140
0.54318080
0.51309030
2
0.00000000
2.03333400
1.00000000
1.00000000
2
0.00000000
2.03333400
1.00000100
1.00000100
2
0.00000000
2.03333400
1.00000000
1.00000000
J_L_SusoSide_00
2
0.00000000
2.03333300
-0.05543403
-0.05543403
2
0.00000000
2.03333300
0.00173068
0.00173068
2
0.00000000
2.03333300
0.09865373
0.09865373
6
0.00000000
0.26666670
0.56666670
0.83333340
1.20000000
2.03333400
-0.09698761
-0.15079740
-0.16688650
-0.10419880
-0.16331780
-0.09381975
6
0.00000000
0.26666670
0.56666670
0.83333340
1.20000000
2.03333400
0.69739740
0.68778660
0.68353520
0.69701270
0.69796560
0.69785550
6
0.00000000
0.26666670
0.56666670
0.83333340
1.20000000
2.03333400
0.70716420
0.70007570
0.69717820
0.70630340
0.69502980
0.70745960
6
0.00000000
0.26666670
0.56666670
0.83333340
1.20000000
2.03333400
0.06409360
0.11875940
0.13737200
0.06672002
0.05572347
0.06079871
2
0.00000000
2.03333400
1.00000000
1.00000000
2
0.00000000
2.03333400
1.00000000
1.00000000
2
0.00000000
2.03333400
1.00000000
1.00000000
J_R_SusoSide_00
2
0.00000000
2.03333300
-0.05543370
-0.05543370
2
0.00000000
2.03333300
0.00173073
0.00173073
2
0.00000000
2.03333300
-0.09865367
-0.09865367
7
0.00000000
0.26666670
0.56666670
0.83333340
1.16666700
1.86666700
2.03333400
0.69739730
0.68778640
0.68371410
0.69674960
0.69378910
0.69743090
0.69785100
7
0.00000000
0.26666670
0.56666670
0.83333340
1.16666700
1.86666700
2.03333400
0.09698822
0.15079790
0.16564460
0.10680570
0.20515210
0.10629500
0.09386606
7
0.00000000
0.26666670
0.56666670
0.83333340
1.16666700
1.86666700
2.03333400
-0.06409418
-0.11876000
-0.13683790
-0.06784685
-0.07431923
-0.06207155
-0.06081912
7
0.00000000
0.26666670
0.56666670
0.83333340
1.16666700
1.86666700
2.03333400
0.70716400
0.70007560
0.69740400
0.70606610
0.68632790
0.70600180
0.70745610
2
0.00000000
2.03333400
1.00000000
1.00000000
2
0.00000000
2.03333400
1.00000000
1.00000000
2
0.00000000
2.03333400
1.00000000
1.00000000
J_L_Skirt_00
2
0.00000000
2.03333300
-0.06887829
-0.06887829
2
0.00000000
2.03333300
0.07501759
0.07501759
2
0.00000000
2.03333300
0.05685667
0.05685667
10
0.00000000
0.03333334
0.33333330
0.56666670
0.83333340
1.00000000
1.16666700
1.43333300
1.86666700
2.03333400
0.01485573
0.00440037
-0.09071401
-0.07473488
-0.00548182
-0.16357290
-0.28033960
-0.21687120
-0.01227135
0.02179369
10
0.00000000
0.03333334
0.33333330
0.56666670
0.83333340
1.00000000
1.16666700
1.43333300
1.86666700
2.03333400
0.99886140
0.99894350
0.99482590
0.99615370
0.99893810
0.98547020
0.95881030
0.97512790
0.99887780
0.99871540
10
0.00000000
0.03333334
0.33333330
0.56666670
0.83333340
1.00000000
1.16666700
1.43333300
1.86666700
2.03333400
0.00068026
0.00020150
-0.00415397
-0.00342229
-0.00025101
-0.00749039
-0.01283742
-0.00993102
-0.00056193
0.00099798
10
0.00000000
0.03333334
0.33333330
0.56666670
0.83333340
1.00000000
1.16666700
1.43333300
1.86666700
2.03333400
0.04573993
0.04574367
0.04555523
0.04561593
0.04574348
0.04512675
0.04390590
0.04465322
0.04574075
0.04573331
2
0.00000000
2.03333400
1.00000000
1.00000000
2
0.00000000
2.03333400
1.00000000
1.00000000
2
0.00000000
2.03333400
1.00000000
1.00000000
J_L_Skirt_01
2
0.00000000
2.03333300
-0.14191040
-0.14191040
2
0.00000000
2.03333300
0.00000000
0.00000000
2
0.00000000
2.03333300
0.00000000
0.00000000
9
0.00000000
0.26666670
0.56666670
0.83333340
1.00000000
1.16666700
1.43333300
1.86666700
2.03333400
0.00206375
-0.00057665
-0.00116676
0.00128284
-0.00411598
-0.00812816
-0.00594466
0.00105174
0.00221056
9
0.00000000
0.26666670
0.56666670
0.83333340
1.00000000
1.16666700
1.43333300
1.86666700
2.03333400
0.03395754
0.03401601
0.03400088
0.03399670
0.03377100
0.03303566
0.03349751
0.03400464
0.03394901
9
0.00000000
0.26666670
0.56666670
0.83333340
1.00000000
1.16666700
1.43333300
1.86666700
2.03333400
0.01640026
-0.06116602
-0.07846480
-0.00656868
-0.16471910
-0.28151150
-0.21803110
-0.01336132
0.02071981
9
0.00000000
0.26666670
0.56666670
0.83333340
1.00000000
1.16666700
1.43333300
1.86666700
2.03333400
0.99926590
0.99754760
0.99633620
0.99939950
0.98575370
0.95895460
0.97534870
0.99933180
0.99920630
2
0.00000000
2.03333400
1.00000000
1.00000000
2
0.00000000
2.03333400
1.00000000
1.00000000
2
0.00000000
2.03333400
1.00000000
1.00000000
J_L_SusoFront_00
2
0.00000000
2.03333300
0.00000000
0.00000000
2
0.00000000
2.03333300
-0.00000003
-0.00000003
2
0.00000000
2.03333300
0.00000000
0.00000000
7
0.00000000
0.26666670
0.56666670
0.83333340
1.20000000
1.50000000
2.03333400
0.00015126
0.00077625
0.00092142
0.00020200
0.00042501
-0.00545595
0.00008603
7
0.00000000
0.26666670
0.56666670
0.83333340
1.20000000
1.50000000
2.03333400
-0.00734868
-0.00728393
-0.00733327
-0.00730691
-0.00825684
-0.04944820
-0.00745755
7
0.00000000
0.26666670
0.56666670
0.83333340
1.20000000
1.50000000
2.03333400
-0.06359892
-0.14082200
-0.16517820
-0.07115098
-0.12222580
-0.13908670
-0.05912762
7
0.00000000
0.26666670
0.56666670
0.83333340
1.20000000
1.50000000
2.03333400
0.99792780
0.99000790
0.98623610
0.99743880
0.99246790
0.98902980
0.99822260
2
0.00000000
2.03333400
0.99999950
0.99999950
2
0.00000000
2.03333400
0.99999950
0.99999950
2
0.00000000
2.03333400
0.99999960
0.99999960
J_L_SkirtBack_00
2
0.00000000
2.03333300
-0.07235061
-0.07235061
2
0.00000000
2.03333300
-0.04127109
-0.04127109
2
0.00000000
2.03333300
0.05315229
0.05315229
9
0.00000000
0.13333330
0.46666670
0.70000000
0.86666670
1.03333300
1.20000000
1.66666700
2.03333400
-0.05501679
-0.05515306
-0.05515633
-0.05507722
-0.05514532
-0.05472737
-0.05393606
-0.05516557
-0.05496221
9
0.00000000
0.13333330
0.46666670
0.70000000
0.86666670
1.03333300
1.20000000
1.66666700
2.03333400
0.00441612
0.00212313
-0.00203626
0.00358700
0.00231536
-0.00716113
-0.01171615
-0.00176818
0.00505201
9
0.00000000
0.13333330
0.46666670
0.70000000
0.86666670
1.03333300
1.20000000
1.66666700
2.03333400
0.98693590
0.97978680
0.96252500
0.98454740
0.98045120
0.93363340
0.90073570
0.96380390
0.98862290
9
0.00000000
0.13333330
0.46666670
0.70000000
0.86666670
1.03333300
1.20000000
1.66666700
2.03333400
0.15134480
0.19227950
0.26551710
0.16619270
0.18886280
0.35395230
0.43084660
0.26083640
0.13992300
2
0.00000000
2.03333400
1.00000000
1.00000000
2
0.00000000
2.03333400
1.00000000
1.00000000
2
0.00000000
2.03333400
1.00000000
1.00000000
J_L_SkirtBack_01
2
0.00000000
2.03333300
-0.14993030
-0.14993030
2
0.00000000
2.03333300
0.00000000
0.00000000
2
0.00000000
2.03333300
0.00000000
0.00000000
8
0.00000000
0.30000000
0.56666670
0.86666670
1.06666700
1.40000000
1.83333300
2.03333400
-0.00508332
0.00016006
0.00210963
0.00186969
0.01159352
0.01015867
-0.00257133
-0.00533163
8
0.00000000
0.30000000
0.56666670
0.86666670
1.06666700
1.40000000
1.83333300
2.03333400
-0.06252737
-0.06273540
-0.06270014
-0.06270774
-0.06165507
-0.06190766
-0.06268290
-0.06250864
8
0.00000000
0.30000000
0.56666670
0.86666670
1.06666700
1.40000000
1.83333300
2.03333400
0.11736350
0.03412696
0.00311261
0.00693151
-0.14827110
-0.12531260
0.07751933
0.12130010
8
0.00000000
0.30000000
0.56666670
0.86666670
1.06666700
1.40000000
1.83333300
2.03333400
0.99107420
0.99744650
0.99802540
0.99800610
0.98695490
0.99013180
0.99501510
0.99063140
2
0.00000000
2.03333400
1.00000000
1.00000000
2
0.00000000
2.03333400
1.00000000
1.00000000
2
0.00000000
2.03333400
1.00000000
1.00000000
J_L_SusoBack_00
2
0.00000000
2.03333300
0.00000000
0.00000000
2
0.00000000
2.03333300
0.00000000
0.00000000
2
0.00000000
2.03333300
0.00000000
0.00000000
6
0.00000000
0.26666670
0.56666670
0.83333340
1.20000000
2.03333400
0.00309801
-0.00038572
-0.00149209
0.00274505
0.00059990
0.00330349
6
0.00000000
0.26666670
0.56666670
0.83333340
1.20000000
2.03333400
0.04478893
0.04489521
0.04487207
0.04481287
0.04489286
0.04477517
6
0.00000000
0.26666670
0.56666670
0.83333340
1.20000000
2.03333400
-0.02625619
-0.10364520
-0.12810200
-0.03412494
-0.08180900
-0.02167574
6
0.00000000
0.26666670
0.56666670
0.83333340
1.20000000
2.03333400
0.99862580
0.99360050
0.99074430
0.99840860
0.99563630
0.99875650
2
0.00000000
2.03333400
1.00000000
1.00000000
2
0.00000000
2.03333400
1.00000000
1.00000000
2
0.00000000
2.03333400
1.00000000
1.00000000
J_R_Skirt_00
2
0.00000000
2.03333300
-0.06847220
-0.06847220
2
0.00000000
2.03333300
0.07501754
0.07501754
2
0.00000000
2.03333300
-0.05734446
-0.05734446
9
0.00000000
0.10000000
0.46666670
0.70000000
0.86666670
1.03333300
1.20000000
1.66666700
2.03333400
-0.01197333
-0.05898960
-0.12065210
-0.01724598
-0.04214200
-0.21244080
-0.29339900
-0.11583080
0.00749945
9
0.00000000
0.10000000
0.46666670
0.70000000
0.86666670
1.03333300
1.20000000
1.66666700
2.03333400
0.99876710
0.99736640
0.99179760
0.99896050
0.99822020
0.97626250
0.95505840
0.99237230
0.99908120
9
0.00000000
0.10000000
0.46666670
0.70000000
0.86666670
1.03333300
1.20000000
1.66666700
2.03333400
0.00050568
0.00249135
0.00509566
0.00072843
0.00177986
0.00897222
0.01239140
0.00489197
-0.00031676
9
0.00000000
0.10000000
0.46666670
0.70000000
0.86666670
1.03333300
1.20000000
1.66666700
2.03333400
-0.04218167
-0.04212246
-0.04188726
-0.04218980
-0.04215857
-0.04123124
-0.04033564
-0.04191156
-0.04219496
2
0.00000000
2.03333400
1.00000000
1.00000000
2
0.00000000
2.03333400
1.00000000
1.00000000
2
0.00000000
2.03333400
1.00000000
1.00000000
J_R_Skirt_01
2
0.00000000
2.03333300
-0.14191030
-0.14191030
2
0.00000000
2.03333300
0.00000000
0.00000000
2
0.00000000
2.03333300
0.00000000
0.00000000
9
0.00000000
0.26666670
0.56666670
0.83333340
1.00000000
1.16666700
1.43333300
1.86666700
2.03333400
-0.00206375
0.00057664
0.00116675
-0.00128285
0.00411597
0.00812814
0.00594464
-0.00105175
-0.00221056
9
0.00000000
0.26666670
0.56666670
0.83333340
1.00000000
1.16666700
1.43333300
1.86666700
2.03333400
-0.03395748
-0.03401594
-0.03400082
-0.03399664
-0.03377093
-0.03303559
-0.03349744
-0.03400457
-0.03394894
9
0.00000000
0.26666670
0.56666670
0.83333340
1.00000000
1.16666700
1.43333300
1.86666700
2.03333400
0.01640102
-0.06116526
-0.07846402
-0.00656792
-0.16471830
-0.28151080
-0.21803040
-0.01336055
0.02072057
9
0.00000000
0.26666670
0.56666670
0.83333340
1.00000000
1.16666700
1.43333300
1.86666700
2.03333400
0.99926600
0.99754770
0.99633630
0.99939950
0.98575380
0.95895480
0.97534880
0.99933180
0.99920630
2
0.00000000
2.03333400
1.00000000
1.00000000
2
0.00000000
2.03333400
1.00000000
1.00000000
2
0.00000000
2.03333400
1.00000000
1.00000000
J_R_SusoFront_00
2
0.00000000
2.03333300
0.00000000
0.00000000
2
0.00000000
2.03333300
0.00000000
0.00000000
2
0.00000000
2.03333300
0.00000000
0.00000000
7
0.00000000
0.26666670
0.56666670
0.83333340
1.20000000
1.46666700
2.03333400
-0.00013376
-0.00065049
-0.00078973
-0.00031238
-0.00547594
-0.02396292
-0.00015587
7
0.00000000
0.26666670
0.56666670
0.83333340
1.20000000
1.46666700
2.03333400
0.00735627
0.00735393
0.00733816
0.00725631
0.00746223
0.06235040
0.00748336
7
0.00000000
0.26666670
0.56666670
0.83333340
1.20000000
1.46666700
2.03333400
-0.06359878
-0.14082260
-0.16398500
-0.07368761
-0.16140490
-0.13212970
-0.05908581
7
0.00000000
0.26666670
0.56666670
0.83333340
1.20000000
1.46666700
2.03333400
0.99792780
0.99000730
0.98643520
0.99725500
0.98684490
0.98897930
0.99822490
2
0.00000000
2.03333400
0.99999950
0.99999950
2
0.00000000
2.03333400
0.99999950
0.99999950
2
0.00000000
2.03333400
0.99999960
0.99999960
J_R_SkirtBack_00
2
0.00000000
2.03333300
-0.07197127
-0.07197127
2
0.00000000
2.03333300
-0.04127112
-0.04127112
2
0.00000000
2.03333300
-0.05366487
-0.05366487
9
0.00000000
0.13333330
0.46666670
0.70000000
0.86666670
1.03333300
1.20000000
1.66666700
2.03333400
0.00495363
0.00280604
-0.00109320
0.00417726
0.00298615
-0.00590396
-0.01018586
-0.00084175
0.00554896
9
0.00000000
0.13333330
0.46666670
0.70000000
0.86666670
1.03333300
1.20000000
1.66666700
2.03333400
0.05151123
0.05167289
0.05173748
0.05158015
0.05166279
0.05141114
0.05073667
0.05174217
0.05145066
9
0.00000000
0.13333330
0.46666670
0.70000000
0.86666670
1.03333300
1.20000000
1.66666700
2.03333400
-0.15132820
-0.19227070
-0.26552270
-0.16617890
-0.18885350
-0.35397560
-0.43088540
-0.26084100
-0.13990420
9
0.00000000
0.13333330
0.46666670
0.70000000
0.86666670
1.03333300
1.20000000
1.66666700
2.03333400
0.98712500
0.97997650
0.96271480
0.98473680
0.98064080
0.93382190
0.90092160
0.96399380
0.98881190
2
0.00000000
2.03333400
1.00000000
1.00000000
2
0.00000000
2.03333400
1.00000000
1.00000000
2
0.00000000
2.03333400
1.00000000
1.00000000
J_R_SkirtBack_01
2
0.00000000
2.03333300
0.14993040
0.14993040
2
0.00000000
2.03333300
0.00000000
0.00000000
2
0.00000000
2.03333300
-0.00000001
-0.00000001
8
0.00000000
0.30000000
0.56666670
0.83333340
1.03333300
1.20000000
1.66666700
2.03333400
0.00561935
0.01078276
0.01233975
0.01037713
0.01988807
0.02346909
0.01262546
0.00537004
8
0.00000000
0.30000000
0.56666670
0.83333340
1.03333300
1.20000000
1.66666700
2.03333400
-0.06116331
-0.06046928
-0.06017086
-0.06054021
-0.05811426
-0.05676270
-0.06011156
-0.06118795
8
0.00000000
0.30000000
0.56666670
0.83333340
1.03333300
1.20000000
1.66666700
2.03333400
0.11791900
0.03350729
0.00775168
0.04019417
-0.11917900
-0.18067010
0.00301004
0.12196470
8
0.00000000
0.30000000
0.56666670
0.83333340
1.03333300
1.20000000
1.66666700
2.03333400
0.99108520
0.99754920
0.99808170
0.99730220
0.99097100
0.98162390
0.99810730
0.99063210
2
0.00000000
2.03333400
1.00000000
1.00000000
2
0.00000000
2.03333400
1.00000000
1.00000000
2
0.00000000
2.03333400
1.00000000
1.00000000
J_R_SusoBack_00
2
0.00000000
2.03333300
0.00000000
0.00000000
2
0.00000000
2.03333300
0.00000000
0.00000000
2
0.00000000
2.03333300
0.00000000
0.00000000
6
0.00000000
0.26666670
0.56666670
0.83333340
1.20000000
2.03333400
0.00309801
-0.00038572
-0.00149209
0.00274505
0.00059990
0.00330349
6
0.00000000
0.26666670
0.56666670
0.83333340
1.20000000
2.03333400
0.04478894
0.04489523
0.04487209
0.04481289
0.04489288
0.04477518
6
0.00000000
0.26666670
0.56666670
0.83333340
1.20000000
2.03333400
-0.02625619
-0.10364520
-0.12810200
-0.03412494
-0.08180900
-0.02167574
6
0.00000000
0.26666670
0.56666670
0.83333340
1.20000000
2.03333400
0.99862580
0.99360050
0.99074430
0.99840860
0.99563630
0.99875650
2
0.00000000
2.03333400
1.00000000
1.00000000
2
0.00000000
2.03333400
1.00000000
1.00000000
2
0.00000000
2.03333400
1.00000000
1.00000000
